0000 03Bd8Ac1F6D7aE2b.root 1 1 1 1 1 1
0000 05E341fCBeb2FD9d.root 1 1 1 1 1 1
0000 0D8bF3ce92EC67d4.root 1 1 1 1 1 1
0000 0a3de4f8BF927E6c.root 1 1 1 1 1 1
0000 0b268A9dC75ce1fE.root 1 1 1 1 1 1
0000 0eE49f65c27aBD3d.root 1 1 1 1 1 1
0000 107AEfFeDC5d98c3.root 1 1 1 1 1 1
0000 13E0C85Dac72Ff4A.root 1 1 1 1 1 1
0000 14ae6d8E7b23A9fc.root 1 1 1 1 1 1
0000 16fdc34bAe57a0D8.root 1 1 1 1 1 1
0000 17BD4bFdE0acCe5f.root 1 1 1 1 1 1
0000 18527373.0.root 1 1 1 1 1 1
0000 18527373.1.root 1 1 1 1 1 1
0000 18527373.10.root 1 1 1 1 1 1
0000 18527373.11.root 1 1 1 1 1 1
0000 18527373.12.root 1 1 1 1 1 1
0000 18527373.13.root 1 1 1 1 1 1
0000 18527373.14.root 1 1 1 1 1 1
0000 18527373.15.root 1 1 1 1 1 1
0000 18527373.16.root 1 1 1 1 1 1
0001 18527373.17.root 1 1 1 1 1 1
0001 18527373.18.root 1 1 1 1 1 1
0001 18527373.19.root 1 1 1 1 1 1
0001 18527373.2.root 1 1 1 1 1 1
0001 18527373.20.root 1 1 1 1 1 1
0001 18527373.21.root 1 1 1 1 1 1
0001 18527373.22.root 1 1 1 1 1 1
0001 18527373.23.root 1 1 1 1 1 1
0001 18527373.24.root 1 1 1 1 1 1
0001 18527373.25.root 1 1 1 1 1 1
0001 18527373.26.root 1 1 1 1 1 1
0001 18527373.27.root 1 1 1 1 1 1
0001 18527373.28.root 1 1 1 1 1 1
0001 18527373.29.root 1 1 1 1 1 1
0001 18527373.3.root 1 1 1 1 1 1
0001 18527373.30.root 1 1 1 1 1 1
0001 18527373.31.root 1 1 1 1 1 1
0001 18527373.32.root 1 1 1 1 1 1
0001 18527373.33.root 1 1 1 1 1 1
0001 18527373.34.root 1 1 1 1 1 1
0002 18527373.35.root 1 1 1 1 1 1
0002 18527373.36.root 1 1 1 1 1 1
0002 18527373.37.root 1 1 1 1 1 1
0002 18527373.38.root 1 1 1 1 1 1
0002 18527373.39.root 1 1 1 1 1 1
0002 18527373.4.root 1 1 1 1 1 1
0002 18527373.40.root 1 1 1 1 1 1
0002 18527373.41.root 1 1 1 1 1 1
0002 18527373.42.root 1 1 1 1 1 1
0002 18527373.43.root 1 1 1 1 1 1
0002 18527373.44.root 1 1 1 1 1 1
0002 18527373.45.root 1 1 1 1 1 1
0002 18527373.46.root 1 1 1 1 1 1
0002 18527373.47.root 1 1 1 1 1 1
0002 18527373.5.root 1 1 1 1 1 1
0002 18527373.6.root 1 1 1 1 1 1
0002 18527373.7.root 1 1 1 1 1 1
0002 18527373.8.root 1 1 1 1 1 1
0002 18527373.9.root 1 1 1 1 1 1
0002 1889307.0.root 1 1 1 1 1 1
0003 1889307.1.root 1 1 1 1 1 1
0003 1889307.10.root 1 1 1 1 1 1
0003 1889307.100.root 1 1 1 1 1 1
0003 1889307.101.root 1 1 1 1 1 1
0003 1889307.102.root 1 1 1 1 1 1
0003 1889307.103.root 1 1 1 1 1 1
0003 1889307.104.root 1 1 1 1 1 1
0003 1889307.105.root 1 1 1 1 1 1
0003 1889307.106.root 1 1 1 1 1 1
0003 1889307.109.root 1 1 1 1 1 1
0003 1889307.11.root 1 1 1 1 1 1
0003 1889307.110.root 1 1 1 1 1 1
0003 1889307.111.root 1 1 1 1 1 1
0003 1889307.114.root 1 1 1 1 1 1
0003 1889307.115.root 1 1 1 1 1 1
0003 1889307.116.root 1 1 1 1 1 1
0003 1889307.117.root 1 1 1 1 1 1
0003 1889307.118.root 1 1 1 1 1 1
0003 1889307.119.root 1 1 1 1 1 1
0003 1889307.12.root 1 1 1 1 1 1
0004 1889307.120.root 1 1 1 1 1 1
0004 1889307.121.root 1 1 1 1 1 1
0004 1889307.122.root 1 1 1 1 1 1
0004 1889307.123.root 1 1 1 1 1 1
0004 1889307.124.root 1 1 1 1 1 1
0004 1889307.125.root 1 1 1 1 1 1
0004 1889307.126.root 1 1 1 1 1 1
0004 1889307.127.root 1 1 1 1 1 1
0004 1889307.128.root 1 1 1 1 1 1
0004 1889307.129.root 1 1 1 1 1 1
0004 1889307.13.root 1 1 1 1 1 1
0004 1889307.130.root 1 1 1 1 1 1
0004 1889307.131.root 1 1 1 1 1 1
0004 1889307.132.root 1 1 1 1 1 1
0004 1889307.133.root 1 1 1 1 1 1
0004 1889307.134.root 1 1 1 1 1 1
0004 1889307.135.root 1 1 1 1 1 1
0004 1889307.136.root 1 1 1 1 1 1
0004 1889307.137.root 1 1 1 1 1 1
0004 1889307.138.root 1 1 1 1 1 1
0005 1889307.139.root 1 1 1 1 1 1
0005 1889307.14.root 1 1 1 1 1 1
0005 1889307.140.root 1 1 1 1 1 1
0005 1889307.141.root 1 1 1 1 1 1
0005 1889307.142.root 1 1 1 1 1 1
0005 1889307.143.root 1 1 1 1 1 1
0005 1889307.144.root 1 1 1 1 1 1
0005 1889307.145.root 1 1 1 1 1 1
0005 1889307.146.root 1 1 1 1 1 1
0005 1889307.147.root 1 1 1 1 1 1
0005 1889307.148.root 1 1 1 1 1 1
0005 1889307.149.root 1 1 1 1 1 1
0005 1889307.15.root 1 1 1 1 1 1
0005 1889307.150.root 1 1 1 1 1 1
0005 1889307.151.root 1 1 1 1 1 1
0005 1889307.152.root 1 1 1 1 1 1
0005 1889307.153.root 1 1 1 1 1 1
0005 1889307.154.root 1 1 1 1 1 1
0005 1889307.155.root 1 1 1 1 1 1
0005 1889307.156.root 1 1 1 1 1 1
0006 1889307.157.root 1 1 1 1 1 1
0006 1889307.158.root 1 1 1 1 1 1
0006 1889307.159.root 1 1 1 1 1 1
0006 1889307.16.root 1 1 1 1 1 1
0006 1889307.160.root 1 1 1 1 1 1
0006 1889307.161.root 1 1 1 1 1 1
0006 1889307.17.root 1 1 1 1 1 1
0006 1889307.18.root 1 1 1 1 1 1
0006 1889307.19.root 1 1 1 1 1 1
0006 1889307.2.root 1 1 1 1 1 1
0006 1889307.20.root 1 1 1 1 1 1
0006 1889307.21.root 1 1 1 1 1 1
0006 1889307.22.root 1 1 1 1 1 1
0006 1889307.23.root 1 1 1 1 1 1
0006 1889307.24.root 1 1 1 1 1 1
0006 1889307.25.root 1 1 1 1 1 1
0006 1889307.26.root 1 1 1 1 1 1
0006 1889307.27.root 1 1 1 1 1 1
0006 1889307.28.root 1 1 1 1 1 1
0006 1889307.29.root 1 1 1 1 1 1
0007 1889307.3.root 1 1 1 1 1 1
0007 1889307.30.root 1 1 1 1 1 1
0007 1889307.31.root 1 1 1 1 1 1
0007 1889307.32.root 1 1 1 1 1 1
0007 1889307.33.root 1 1 1 1 1 1
0007 1889307.34.root 1 1 1 1 1 1
0007 1889307.35.root 1 1 1 1 1 1
0007 1889307.36.root 1 1 1 1 1 1
0007 1889307.37.root 1 1 1 1 1 1
0007 1889307.38.root 1 1 1 1 1 1
0007 1889307.39.root 1 1 1 1 1 1
0007 1889307.4.root 1 1 1 1 1 1
0007 1889307.40.root 1 1 1 1 1 1
0007 1889307.41.root 1 1 1 1 1 1
0007 1889307.42.root 1 1 1 1 1 1
0007 1889307.43.root 1 1 1 1 1 1
0007 1889307.44.root 1 1 1 1 1 1
0007 1889307.45.root 1 1 1 1 1 1
0007 1889307.46.root 1 1 1 1 1 1
0007 1889307.47.root 1 1 1 1 1 1
0008 1889307.48.root 1 1 1 1 1 1
0008 1889307.49.root 1 1 1 1 1 1
0008 1889307.5.root 1 1 1 1 1 1
0008 1889307.50.root 1 1 1 1 1 1
0008 1889307.51.root 1 1 1 1 1 1
0008 1889307.52.root 1 1 1 1 1 1
0008 1889307.53.root 1 1 1 1 1 1
0008 1889307.54.root 1 1 1 1 1 1
0008 1889307.55.root 1 1 1 1 1 1
0008 1889307.56.root 1 1 1 1 1 1
0008 1889307.57.root 1 1 1 1 1 1
0008 1889307.58.root 1 1 1 1 1 1
0008 1889307.59.root 1 1 1 1 1 1
0008 1889307.6.root 1 1 1 1 1 1
0008 1889307.60.root 1 1 1 1 1 1
0008 1889307.61.root 1 1 1 1 1 1
0008 1889307.62.root 1 1 1 1 1 1
0008 1889307.63.root 1 1 1 1 1 1
0008 1889307.64.root 1 1 1 1 1 1
0008 1889307.65.root 1 1 1 1 1 1
0009 1889307.66.root 1 1 1 1 1 1
0009 1889307.67.root 1 1 1 1 1 1
0009 1889307.68.root 1 1 1 1 1 1
0009 1889307.69.root 1 1 1 1 1 1
0009 1889307.7.root 1 1 1 1 1 1
0009 1889307.70.root 1 1 1 1 1 1
0009 1889307.71.root 1 1 1 1 1 1
0009 1889307.72.root 1 1 1 1 1 1
0009 1889307.73.root 1 1 1 1 1 1
0009 1889307.74.root 1 1 1 1 1 1
0009 1889307.75.root 1 1 1 1 1 1
0009 1889307.76.root 1 1 1 1 1 1
0009 1889307.77.root 1 1 1 1 1 1
0009 1889307.78.root 1 1 1 1 1 1
0009 1889307.79.root 1 1 1 1 1 1
0009 1889307.8.root 1 1 1 1 1 1
0009 1889307.80.root 1 1 1 1 1 1
0009 1889307.81.root 1 1 1 1 1 1
0009 1889307.82.root 1 1 1 1 1 1
0009 1889307.83.root 1 1 1 1 1 1
0010 1889307.84.root 1 1 1 1 1 1
0010 1889307.85.root 1 1 1 1 1 1
0010 1889307.86.root 1 1 1 1 1 1
0010 1889307.87.root 1 1 1 1 1 1
0010 1889307.88.root 1 1 1 1 1 1
0010 1889307.89.root 1 1 1 1 1 1
0010 1889307.9.root 1 1 1 1 1 1
0010 1889307.90.root 1 1 1 1 1 1
0010 1889307.91.root 1 1 1 1 1 1
0010 1889307.92.root 1 1 1 1 1 1
0010 1889307.93.root 1 1 1 1 1 1
0010 1889307.94.root 1 1 1 1 1 1
0010 1889307.95.root 1 1 1 1 1 1
0010 1889307.96.root 1 1 1 1 1 1
0010 1889307.97.root 1 1 1 1 1 1
0010 1889307.98.root 1 1 1 1 1 1
0010 1889307.99.root 1 1 1 1 1 1
0010 18Bcd675C09FaDfe.root 1 1 1 1 1 1
0010 1BCFb6Dfa49c2A0E.root 1 1 1 1 1 1
0010 1cF05eB4dE7aDf36.root 1 1 1 1 1 1
0011 1ceB9f64b057a3C8.root 1 1 1 1 1 1
0011 1dC23c0bfFa8DB9A.root 1 1 1 1 1 1
0011 1fed7b69FE402358.root 1 1 1 1 1 1
0011 2695Aae0dB4c38Ef.root 1 1 1 1 1 1
0011 27Dfe391cBaF68E0.root 1 1 1 1 1 1
0011 286bcd714fCF5e9a.root 1 1 1 1 1 1
0011 2F18f7e096D5bB3c.root 1 1 1 1 1 1
0011 2Fa9efd1Ecb85C07.root 1 1 1 1 1 1
0011 2ae1B8cdf65bFCD4.root 1 1 1 1 1 1
0011 2d74CeEb6A1a09Bf.root 1 1 1 1 1 1
0011 2f96e8C1DbF4507c.root 1 1 1 1 1 1
0011 3095fC8716F4A2de.root 1 1 1 1 1 1
0011 348E6ABF1ab2d0ce.root 1 1 1 1 1 1
0011 34DFB6cE9Aedf852.root 1 1 1 1 1 1
0011 35a7046dc81BD2Ee.root 1 1 1 1 1 1
0011 37A5921DbdB6e4fF.root 1 1 1 1 1 1
0011 3891AaFDdb50C2Ef.root 1 1 1 1 1 1
0011 38EDc6fab2415A97.root 1 1 1 1 1 1
0011 3C926AEbaDd41fc5.root 1 1 1 1 1 1
0011 3Fa21fe84EbCcB90.root 1 1 1 1 1 1
0012 3c9e4df8B6bEDACa.root 1 1 1 1 1 1
0012 3cE4ef7509Bda8FA.root 1 1 1 1 1 1
0012 3cEFA1a824d7C0B5.root 1 1 1 1 1 1
0012 40f6b7Bc13FCaAd9.root 1 1 1 1 1 1
0012 421eA6cF738D90CB.root 1 1 1 1 1 1
0012 43B96FAef18bD0da.root 1 1 1 1 1 1
0012 45c9Ef86ABCb1D03.root 1 1 1 1 1 1
0012 45d9D078AbE2eF6C.root 1 1 1 1 1 1
0012 47b316d9ED82FefB.root 1 1 1 1 1 1
0012 4872Cec3adB195b6.root 1 1 1 1 1 1
0012 491C3BEda7D8b26f.root 1 1 1 1 1 1
0012 4AcC70ebEfDF26a3.root 1 1 1 1 1 1
0012 4D96c3A0bC7fEa8B.root 1 1 1 1 1 1
0012 4Df3E7BA1952e8CF.root 1 1 1 1 1 1
0012 4d06D31Aa27EFeB5.root 1 1 1 1 1 1
0012 4d5AC2E6DaFb738B.root 1 1 1 1 1 1
0012 4dBcE3A17bF9a586.root 1 1 1 1 1 1
0012 4eAdBCc7F2bD356E.root 1 1 1 1 1 1
0012 4f7D0CA28EeB1c6d.root 1 1 1 1 1 1
0012 53baF8E7df12C0De.root 1 1 1 1 1 1
0013 56ac1FAEd89eBDC4.root 1 1 1 1 1 1
0013 57DE9d064bF1acA2.root 1 1 1 1 1 1
0013 5Aa8C09F7Ec321eD.root 1 1 1 1 1 1
0013 5CAc3d148DEae06f.root 1 1 1 1 1 1
0013 5EF281a7BD6d9Cbf.root 1 1 1 1 1 1
0013 5Ea7bd09C23F8Df4.root 1 1 1 1 1 1
0013 5cA37f8021DbB64E.root 1 1 1 1 1 1
0013 5cBdae30A794FbfD.root 1 1 1 1 1 1
0013 613e4bBa209Cc7FD.root 1 1 1 1 1 1
0013 61acFdB947fAbD3E.root 1 1 1 1 1 1
0013 648D5E3eC07Bd29A.root 1 1 1 1 1 1
0013 6841Ecb7ABae59CD.root 1 1 1 1 1 1
0013 6A0B7ec51843aECd.root 1 1 1 1 1 1
0013 6E25cf74AeaFd3CD.root 1 1 1 1 1 1
0013 6F83EB4a927D01ed.root 1 1 1 1 1 1
0013 6F84B3Cf72aAD9bE.root 1 1 1 1 1 1
0013 6e9ABbF58C01cfEd.root 1 1 1 1 1 1
0013 6eAC2da4b19fD8cE.root 1 1 1 1 1 1
0013 6eAC4db3FfB157Ec.root 1 1 1 1 1 1
0013 73EFfd9b528e4A16.root 1 1 1 1 1 1
0014 73eCAdabf4DBE12F.root 1 1 1 1 1 1
0014 746892CcEDdbFe3a.root 1 1 1 1 1 1
0014 7BE3Cdfa4209ce1b.root 1 1 1 1 1 1
0014 7C30c9Fa1e28DbfE.root 1 1 1 1 1 1
0014 7D84fEc5C19eF0bB.root 1 1 1 1 1 1
0014 7F3bad864ceD9B1C.root 1 1 1 1 1 1
0014 7aA9264B108DECdF.root 1 1 1 1 1 1
0014 7b5DB639A8F0de2C.root 1 1 1 1 1 1
0014 7cBDE9A3e5adbC2f.root 1 1 1 1 1 1
0014 7f6E430Fdba5Ce1B.root 1 1 1 1 1 1
0014 7f89260FEd4Acb5D.root 1 1 1 1 1 1
0014 80Fad3651bDA2fC9.root 1 1 1 1 1 1
0014 81fDcaB45C7A6302.root 1 1 1 1 1 1
0014 84bd51379Ee2BfD0.root 1 1 1 1 1 1
0014 84eaAf195EcCD0BF.root 1 1 1 1 1 1
0014 86e50E1D947BFA3b.root 1 1 1 1 1 1
0014 8745Fd0fB3b2eDEc.root 1 1 1 1 1 1
0014 89640AB1c2Ffea5C.root 1 1 1 1 1 1
0014 8A0BdC7f143eE2F9.root 1 1 1 1 1 1
0014 8B4DF906edCcf7b3.root 1 1 1 1 1 1
0015 8D375Ffa2Ce64c1E.root 1 1 1 1 1 1
0015 8Dfa56EFb10d3B92.root 1 1 1 1 1 1
0015 8cbCF90Be7DA3625.root 1 1 1 1 1 1
0015 8f24e1B69dE7F50C.root 1 1 1 1 1 1
0015 921cf8Ead3eF70AC.root 1 1 1 1 1 1
0015 943bBDCAfa2Ed56e.root 1 1 1 1 1 1
0015 97C3f4c6B2015DFe.root 1 1 1 1 1 1
0015 97f6ec2dEbAC3FB1.root 1 1 1 1 1 1
0015 98FbDC4A3Bf7eaE5.root 1 1 1 1 1 1
0015 9B2cA0F7def4a58C.root 1 1 1 1 1 1
0015 9DEcC8634Ae5B0fb.root 1 1 1 1 1 1
0015 9FA814Cf6Da30eE2.root 1 1 1 1 1 1
0015 9e05Ab2D18CFBda7.root 1 1 1 1 1 1
0015 9e4BCfcA76b0D35E.root 1 1 1 1 1 1
0015 9f3E7b4Fa6BCA1dD.root 1 1 1 1 1 1
0015 A3e8FCab10Df5692.root 1 1 1 1 1 1
0015 A67135C2fFBb8a4E.root 1 1 1 1 1 1
0015 A6F59C02BeEDf17b.root 1 1 1 1 1 1
0015 A80B3f49D2c6abF1.root 1 1 1 1 1 1
0015 A8ca0F3Be62d9E7b.root 1 1 1 1 1 1
0016 A9fFeB2013CcE86d.root 1 1 1 1 1 1
0016 ACdfbFE38690D2Bc.root 1 1 1 1 1 1
0016 AE4e81bd3D6B5F2f.root 1 1 1 1 1 1
0016 Ab2a1Bd7fFC0Ec4D.root 1 1 1 1 1 1
0016 Ae51BD3af2c970d4.root 1 1 1 1 1 1
0016 B185C436ADf2e0Ea.root 1 1 1 1 1 1
0016 B1f0A64dec8257a3.root 1 1 1 1 1 1
0016 B3af20debc94F58D.root 1 1 1 1 1 1
0016 B6A9d857DaE14fbF.root 1 1 1 1 1 1
0016 B9C780A53bF6d1ED.root 1 1 1 1 1 1
0016 BF067f3E5eD8Cb9A.root 1 1 1 1 1 1
0016 C2D7bc135e9Ff8aB.root 1 1 1 1 1 1
0016 C3DfEb4179Fd506e.root 1 1 1 1 1 1
0016 C52f0eEA3b4dcBFD.root 1 1 1 1 1 1
0016 C7e50fa92ABd83cD.root 1 1 1 1 1 1
0016 CD087EAbfcB5d934.root 1 1 1 1 1 1
0016 Caf63D5A9F1e0Bd8.root 1 1 1 1 1 1
0016 CfF2a5c8e1d49BE6.root 1 1 1 1 1 1
0016 CfbcDda4108AB7F6.root 1 1 1 1 1 1
0016 D3d7fb0aFe56A4cB.root 1 1 1 1 1 1
0017 D4C2eBF9b1E06Aad.root 1 1 1 1 1 1
0017 D8fedCa1c946bAF2.root 1 1 1 1 1 1
0017 DCA8cF4061fEbaB3.root 1 1 1 1 1 1
0017 DEA87124e3B5ad6C.root 1 1 1 1 1 1
0017 DF398b174B2Ec5A0.root 1 1 1 1 1 1
0017 Dd68ea59EAB3C4F1.root 1 1 1 1 1 1
0017 De04c23d1fE5a7Ab.root 1 1 1 1 1 1
0017 E4dDBf7Ce3b8509a.root 1 1 1 1 1 1
0017 E65e8CaF94dfD0BA.root 1 1 1 1 1 1
0017 E7FA486c13Bbdf5a.root 1 1 1 1 1 1
0017 EbC763c5a20A84ef.root 1 1 1 1 1 1
0017 EbD8fc309a5172eA.root 1 1 1 1 1 1
0017 Ecdf0a132e86bF9D.root 1 1 1 1 1 1
0017 Edf5209DA364FB8e.root 1 1 1 1 1 1
0017 Ef1963daD207BcCA.root 1 1 1 1 1 1
0017 F3aCDf8e0c1B5bd6.root 1 1 1 1 1 1
0017 F5C0D92dbAf34Ea6.root 1 1 1 1 1 1
0017 F948BbeAEC01da5c.root 1 1 1 1 1 1
0017 F9eA4E1683bfCc75.root 1 1 1 1 1 1
0017 FBAEc2D57a89ed06.root 1 1 1 1 1 1
0018 FaEe273cCAB4506D.root 1 1 1 1 1 1
0018 Fac3E81deC796DBb.root 1 1 1 1 1 1
0018 FdCBb8a7fADE5391.root 1 1 1 1 1 1
0018 a27cd340e59B1D68.root 1 1 1 1 1 1
0018 aBf5De76cCE813F0.root 1 1 1 1 1 1
0018 aDc782C4eB1F596f.root 1 1 1 1 1 1
0018 aF82e9DE7B5c631C.root 1 1 1 1 1 1
0018 ab93ed1E2CAf7c5F.root 1 1 1 1 1 1
0018 ac263179bC085De4.root 1 1 1 1 1 1
0018 adCc37A048bFf651.root 1 1 1 1 1 1
0018 adb17c24E8fA906C.root 1 1 1 1 1 1
0018 aeD2FEb350A18cBd.root 1 1 1 1 1 1
0018 afFb6c2E9C3A0Be8.root 1 1 1 1 1 1
0018 b49DBec506A7d21F.root 1 1 1 1 1 1
0018 c02849eFbE6C3AD5.root 1 1 1 1 1 1
0018 c56f480d91bD2eEC.root 1 1 1 1 1 1
0018 c659aCe4f8d0ED71.root 1 1 1 1 1 1
0018 c762efE1A5C8D034.root 1 1 1 1 1 1
0018 cC4931FA8aB6bd0D.root 1 1 1 1 1 1
0018 cFb3D648eaC70f2E.root 1 1 1 1 1 1
0019 d1E4890b325eDACc.root 1 1 1 1 1 1
0019 d2Df9aAc8Eb56F74.root 1 1 1 1 1 1
0019 d6bF29eaD70153E4.root 1 1 1 1 1 1
0019 dc50B1E2fe3a4CDb.root 1 1 1 1 1 1
0019 df6F19ADe48a57Cc.root 1 1 1 1 1 1
0019 e2Af36bdF71CaBE4.root 1 1 1 1 1 1
0019 e3Dbc271dA4aC05F.root 1 1 1 1 1 1
0019 e45279d6BAF1a380.root 1 1 1 1 1 1
0019 e69a42AdFC37c1f5.root 1 1 1 1 1 1
0019 e6d8f01baBC295F3.root 1 1 1 1 1 1
0019 e8325dBc0fb91aFA.root 1 1 1 1 1 1
0019 eCB063AD7c8dF1Ea.root 1 1 1 1 1 1
0019 eCa36209ABFc4dDb.root 1 1 1 1 1 1
0019 eE7fB9Cb6c2540dF.root 1 1 1 1 1 1
0019 eF5086af2BdbD43C.root 1 1 1 1 1 1
0019 ea3b2dF0AEC4fc7B.root 1 1 1 1 1 1
0019 f3D7ea9E1C5bBF82.root 1 1 1 1 1 1
0019 f6D2d5a1AEe0bc4B.root 1 1 1 1 1 1
0019 f6EdD1B08eC27b3A.root 1 1 1 1 1 1
0019 fBb89c54aE061eFC.root 1 1 1 1 1 1
0020 fEB6e9a281bAc37F.root 1 1 1 1 1 1
0020 fc2eCE8391bA64da.root 1 1 1 1 1 1
0020 fd3Fc6C5b79048aA.root 1 1 1 1 1 1
0020 fdCc5a712eB04FD3.root 1 1 1 1 1 1
