0000 panda_437624_161.root 1 1 1 1 1 1
0000 panda_437624_346.root 1 1 1 1 1 1
0000 panda_437624_347.root 1 1 1 1 1 1
0000 panda_437624_348.root 1 1 1 1 1 1
0000 panda_437624_349.root 1 1 1 1 1 1
0000 panda_437624_350.root 1 1 1 1 1 1
0000 panda_437624_351.root 1 1 1 1 1 1
0000 panda_437624_353.root 1 1 1 1 1 1
0000 panda_437624_355.root 1 1 1 1 1 1
0000 panda_437624_357.root 1 1 1 1 1 1
0000 panda_437624_358.root 1 1 1 1 1 1
0000 panda_437624_362.root 1 1 1 1 1 1
0000 panda_437624_363.root 1 1 1 1 1 1
0000 panda_437624_364.root 1 1 1 1 1 1
0000 panda_437624_365.root 1 1 1 1 1 1
0000 panda_437624_366.root 1 1 1 1 1 1
0000 panda_437624_367.root 1 1 1 1 1 1
0000 panda_437624_368.root 1 1 1 1 1 1
0000 panda_437624_369.root 1 1 1 1 1 1
0000 panda_437624_370.root 1 1 1 1 1 1
0001 panda_437624_371.root 1 1 1 1 1 1
0001 panda_437624_373.root 1 1 1 1 1 1
0001 panda_437624_374.root 1 1 1 1 1 1
0001 panda_437624_375.root 1 1 1 1 1 1
0001 panda_437624_376.root 1 1 1 1 1 1
0001 panda_437624_377.root 1 1 1 1 1 1
0001 panda_437624_378.root 1 1 1 1 1 1
0001 panda_437624_379.root 1 1 1 1 1 1
0001 panda_437624_380.root 1 1 1 1 1 1
0001 panda_437624_381.root 1 1 1 1 1 1
0001 panda_437624_382.root 1 1 1 1 1 1
0001 panda_437624_383.root 1 1 1 1 1 1
0001 panda_437624_384.root 1 1 1 1 1 1
0001 panda_437624_385.root 1 1 1 1 1 1
0001 panda_437624_386.root 1 1 1 1 1 1
0001 panda_437624_387.root 1 1 1 1 1 1
0001 panda_437624_389.root 1 1 1 1 1 1
0001 panda_437624_390.root 1 1 1 1 1 1
0001 panda_437624_391.root 1 1 1 1 1 1
0001 panda_437624_392.root 1 1 1 1 1 1
0002 panda_437624_393.root 1 1 1 1 1 1
0002 panda_437624_437.root 1 1 1 1 1 1
0002 panda_437624_438.root 1 1 1 1 1 1
0002 panda_437624_439.root 1 1 1 1 1 1
0002 panda_437624_440.root 1 1 1 1 1 1
0002 panda_437624_442.root 1 1 1 1 1 1
0002 panda_437624_444.root 1 1 1 1 1 1
0002 panda_437624_445.root 1 1 1 1 1 1
0002 panda_437624_446.root 1 1 1 1 1 1
0002 panda_437624_447.root 1 1 1 1 1 1
0002 panda_437624_448.root 1 1 1 1 1 1
0002 panda_437624_449.root 1 1 1 1 1 1
0002 panda_437624_451.root 1 1 1 1 1 1
0002 panda_437624_452.root 1 1 1 1 1 1
0002 panda_437624_453.root 1 1 1 1 1 1
0002 panda_437624_454.root 1 1 1 1 1 1
0002 panda_437624_455.root 1 1 1 1 1 1
0002 panda_437624_456.root 1 1 1 1 1 1
0002 panda_437624_457.root 1 1 1 1 1 1
0002 panda_437624_458.root 1 1 1 1 1 1
0003 panda_437624_459.root 1 1 1 1 1 1
0003 panda_437624_460.root 1 1 1 1 1 1
0003 panda_437624_461.root 1 1 1 1 1 1
0003 panda_437624_462.root 1 1 1 1 1 1
0003 panda_437624_463.root 1 1 1 1 1 1
0003 panda_437624_473.root 1 1 1 1 1 1
0003 panda_437624_474.root 1 1 1 1 1 1
0003 panda_437624_476.root 1 1 1 1 1 1
0003 panda_437624_481.root 1 1 1 1 1 1
0003 panda_437624_483.root 1 1 1 1 1 1
0003 panda_437624_484.root 1 1 1 1 1 1
0003 panda_437624_560.root 1 1 1 1 1 1
0003 panda_437624_775.root 1 1 1 1 1 1
0003 panda_437624_776.root 1 1 1 1 1 1
0003 panda_437624_777.root 1 1 1 1 1 1
0003 panda_437624_779.root 1 1 1 1 1 1
0003 panda_437624_780.root 1 1 1 1 1 1
0003 panda_437624_781.root 1 1 1 1 1 1
0003 panda_437624_782.root 1 1 1 1 1 1
0003 panda_437624_783.root 1 1 1 1 1 1
0004 panda_437624_784.root 1 1 1 1 1 1
0004 panda_437624_785.root 1 1 1 1 1 1
0004 panda_437624_786.root 1 1 1 1 1 1
0004 panda_437624_790.root 1 1 1 1 1 1
0004 panda_437624_792.root 1 1 1 1 1 1
0004 panda_437624_793.root 1 1 1 1 1 1
0004 panda_437624_794.root 1 1 1 1 1 1
0004 panda_437624_795.root 1 1 1 1 1 1
0004 panda_437624_796.root 1 1 1 1 1 1
0004 panda_437624_797.root 1 1 1 1 1 1
0004 panda_437624_798.root 1 1 1 1 1 1
0004 panda_437624_800.root 1 1 1 1 1 1
0004 panda_437624_801.root 1 1 1 1 1 1
0004 panda_437624_802.root 1 1 1 1 1 1
0004 panda_437624_803.root 1 1 1 1 1 1
0004 panda_437624_804.root 1 1 1 1 1 1
0004 panda_437624_805.root 1 1 1 1 1 1
0004 panda_437624_807.root 1 1 1 1 1 1
0004 panda_437624_808.root 1 1 1 1 1 1
0004 panda_437624_809.root 1 1 1 1 1 1
0005 panda_437624_810.root 1 1 1 1 1 1
0005 panda_437624_811.root 1 1 1 1 1 1
0005 panda_437624_812.root 1 1 1 1 1 1
0005 panda_437624_813.root 1 1 1 1 1 1
0005 panda_437624_814.root 1 1 1 1 1 1
0005 panda_437624_815.root 1 1 1 1 1 1
0005 panda_437624_816.root 1 1 1 1 1 1
0005 panda_437624_817.root 1 1 1 1 1 1
0005 panda_437624_819.root 1 1 1 1 1 1
0005 panda_437624_820.root 1 1 1 1 1 1
0005 panda_437624_822.root 1 1 1 1 1 1
0005 panda_437624_823.root 1 1 1 1 1 1
0005 panda_437624_824.root 1 1 1 1 1 1
0005 panda_437624_825.root 1 1 1 1 1 1
0005 panda_437624_827.root 1 1 1 1 1 1
0005 panda_437624_828.root 1 1 1 1 1 1
0005 panda_437624_829.root 1 1 1 1 1 1
0005 panda_437624_830.root 1 1 1 1 1 1
0005 panda_437624_832.root 1 1 1 1 1 1
0005 panda_437624_833.root 1 1 1 1 1 1
0006 panda_437624_834.root 1 1 1 1 1 1
0006 panda_437624_835.root 1 1 1 1 1 1
0006 panda_437624_837.root 1 1 1 1 1 1
0006 panda_437624_838.root 1 1 1 1 1 1
0006 panda_437624_839.root 1 1 1 1 1 1
0006 panda_437624_840.root 1 1 1 1 1 1
