0000 0164259dfCFBDeEc.root 15351 15351 1 1 1 1
0000 0173FDA6Bc2ad9Ce.root 15102 15102 1 1 1 1
0000 01Fa4C7E3D85Bfd9.root 15095 15095 1 1 1 1
0000 01Fadb942eA6c78B.root 12406 12406 1 1 1 1
0000 01fbaF5dDC4eAB32.root 15108 15108 1 1 1 1
0000 0298415AeCEfa637.root 15061 15061 1 1 1 1
0000 031DbfEeB45a2Fd9.root 14956 14956 1 1 1 1
0000 03256Aa9e4E8DfF1.root 15162 15162 1 1 1 1
0000 0368FBfeAb5a49Cd.root 15138 15138 1 1 1 1
0000 036B974E2a5Cd8De.root 15101 15101 1 1 1 1
0000 037EAd4Fc9B6a8Db.root 15154 15154 1 1 1 1
0000 0389ca762CDdAFE1.root 14917 14917 1 1 1 1
0000 03DE6f21acF54b87.root 15018 15018 1 1 1 1
0000 04BbFe63D58fAd27.root 15144 15144 1 1 1 1
0000 04ec17DfbaB596A8.root 15053 15053 1 1 1 1
0000 0527B3aCE8de1cD6.root 15048 15048 1 1 1 1
0000 053aC9dDAB2FE6e8.root 15095 15095 1 1 1 1
0000 065e3A7Efcd19482.root 10091 10091 1 1 1 1
0000 06DeF9EBb3A1f82a.root 15110 15110 1 1 1 1
0000 0743edF56B1D28aC.root 15217 15217 1 1 1 1
0001 07958A3D4FBedC12.root 15065 15065 1 1 1 1
0001 09C12BdfA74e53Dc.root 15076 15076 1 1 1 1
0001 09Fb8ECAd5D2fB31.root 7621 7621 1 1 1 1
0001 0Cef4ED62F9cBba5.root 15118 15118 1 1 1 1
0001 0E9eDB2CadF3f458.root 9878 9878 1 1 1 1
0001 0EC4c21f5a8e9bA7.root 15110 15110 1 1 1 1
0001 0EFa15Ad6eCBfDc3.root 15004 15004 1 1 1 1
0001 0Ec54ef6bFdD8792.root 15121 15121 1 1 1 1
0001 0EdCc7164abeBD93.root 7699 7699 1 1 1 1
0001 0Ef7C9cb8B2Ad45a.root 15083 15083 1 1 1 1
0001 0F9AbCd2476a835D.root 15153 15153 1 1 1 1
0001 0a3cebd9EF526184.root 15172 15172 1 1 1 1
0001 0abe5Ad46cBf938C.root 15213 15213 1 1 1 1
0001 0b4aE2d37968AFBe.root 15170 15170 1 1 1 1
0001 0bFA7faed2359E41.root 15152 15152 1 1 1 1
0001 0bf5C1628A7EaDed.root 15209 15209 1 1 1 1
0001 0cdeBD1abf5F6C9A.root 15170 15170 1 1 1 1
0001 0d1feb4A87c93F56.root 15120 15120 1 1 1 1
0001 0dE3CD8efB97F5A4.root 15024 15024 1 1 1 1
0001 0ed7ED4F2c69A13f.root 15131 15131 1 1 1 1
0002 0f1edBAE9b5D7C86.root 15140 15140 1 1 1 1
0002 10Ab653c4Ee2a789.root 15093 15093 1 1 1 1
0002 123908cFEBbd75C6.root 14988 14988 1 1 1 1
0002 146ACFEa28B9c37b.root 15039 15039 1 1 1 1
0002 14Dc75f3edE80Fb6.root 15267 15267 1 1 1 1
0002 14F5EeaA78Cb69Bf.root 7694 7694 1 1 1 1
0002 14afcb6FB2AdeCE5.root 15095 15095 1 1 1 1
0002 15CAD3d67c0Ba92E.root 15094 15094 1 1 1 1
0002 1683C0fBE2A74cb5.root 15197 15197 1 1 1 1
0002 16942AafBb3C7E8c.root 15247 15247 1 1 1 1
0002 16ed3aFDB249EAC8.root 7666 7666 1 1 1 1
0002 182CEF76aAd0b9B5.root 15174 15174 1 1 1 1
0002 18D6f2cde5AbEB94.root 11360 11360 1 1 1 1
0002 192A6FB37845aCec.root 9456 9456 1 1 1 1
0002 1968b4ABeF5a0f7D.root 15044 15044 1 1 1 1
0002 1972DA8a3deEf56C.root 15041 15041 1 1 1 1
0002 19Ecb57F46Ba8de0.root 12975 12975 1 1 1 1
0002 19FADfC6ce45ab3d.root 15092 15092 1 1 1 1
0002 1A7F684b5DE92efC.root 15133 15133 1 1 1 1
0002 1AE9f0BFd4235be8.root 14927 14927 1 1 1 1
0003 1B32FC47a56dEef9.root 15227 15227 1 1 1 1
0003 1C2bBEA537FaDdc4.root 14933 14933 1 1 1 1
0003 1C58FB970aDe2dE6.root 7653 7653 1 1 1 1
0003 1Ce7526Aa30FEB9c.root 15102 15102 1 1 1 1
0003 1CfD2Ad3c8475Ebe.root 15117 15117 1 1 1 1
0003 1D428fB65c3beEAa.root 15030 15030 1 1 1 1
0003 1E9bADc3C546e7f0.root 7840 7840 1 1 1 1
0003 1Fa405f6eB2ADd9C.root 15157 15157 1 1 1 1
0003 1acfAe5dDE709B3F.root 14984 14984 1 1 1 1
0003 1b4D7F80c3Eef52d.root 15208 15208 1 1 1 1
0003 1b6CB7c3E25d084a.root 14923 14923 1 1 1 1
0003 1b873d4E2aB90f5A.root 15078 15078 1 1 1 1
0003 1ca9d5f3048ABFDb.root 15077 15077 1 1 1 1
0003 1eDB9F8CE32c0A7f.root 15222 15222 1 1 1 1
0003 1eE354DCB692da7b.root 14976 14976 1 1 1 1
0003 1f6cBDe7d95C4b80.root 15208 15208 1 1 1 1
0003 1f76A43cCD8a29dB.root 15133 15133 1 1 1 1
0003 1fC0EF7d65Dc392e.root 15109 15109 1 1 1 1
0003 203caACbf84d1B59.root 15091 15091 1 1 1 1
0003 20A37aB68149FCde.root 15113 15113 1 1 1 1
0004 2185Ec3C4a9fDed7.root 15110 15110 1 1 1 1
0004 21fb65CdcFa7ED98.root 9082 9082 1 1 1 1
0004 23fDcEBeFa70516C.root 15059 15059 1 1 1 1
0004 259Fc7e8dBa3Ab64.root 15073 15073 1 1 1 1
0004 25DF9edbEAC108a4.root 15185 15185 1 1 1 1
0004 25b4d6E08B3FD9f1.root 15084 15084 1 1 1 1
0004 264FEDdc8Abf0ea9.root 15143 15143 1 1 1 1
0004 26853BD7014cdfFb.root 15206 15206 1 1 1 1
0004 26ebE0cf597d8aF4.root 15194 15194 1 1 1 1
0004 27Cb4fDB08AeEcF1.root 15071 15071 1 1 1 1
0004 27FAa386BdDE04b9.root 15119 15119 1 1 1 1
0004 27ecEC039bD5f1aA.root 15090 15090 1 1 1 1
0004 27f9e8EB3D1adA54.root 15070 15070 1 1 1 1
0004 28304bB5dF6acCfE.root 15130 15130 1 1 1 1
0004 28d69bce5DC73fB1.root 15094 15094 1 1 1 1
0004 294Dfec63CAd8baE.root 14983 14983 1 1 1 1
0004 29eCEFd04a63cA7B.root 15220 15220 1 1 1 1
0004 29f7E4a518DFcA60.root 7837 7837 1 1 1 1
0004 2A7149DC5bEdcf0F.root 15142 15142 1 1 1 1
0004 2Afe8cE45dBaC6bF.root 15058 15058 1 1 1 1
0005 2B6A51FeEc3D09df.root 15135 15135 1 1 1 1
0005 2B9eD87CF416dEb0.root 15096 15096 1 1 1 1
0005 2BDe45CaAfb78dcE.root 14960 14960 1 1 1 1
0005 2C30aEebd6A98B15.root 15191 15191 1 1 1 1
0005 2CA1a4830E6F9fbD.root 15122 15122 1 1 1 1
0005 2D418d6B05CF9eaf.root 15167 15167 1 1 1 1
0005 2D8d635Be0CEfb9A.root 15178 15178 1 1 1 1
0005 2DB4b0CEc3daA19f.root 15117 15117 1 1 1 1
0005 2DC70f3Eae5FB4d6.root 15083 15083 1 1 1 1
0005 2E6d3D0a491CecFB.root 14966 14966 1 1 1 1
0005 2F7d198B463fc0ea.root 15176 15176 1 1 1 1
0005 2a98DfC7AFb034B6.root 11970 11970 1 1 1 1
0005 2aB7f3Ecb156eA9d.root 15147 15147 1 1 1 1
0005 2aF8EB1bfD5eC694.root 15120 15120 1 1 1 1
0005 2b856D0afe3Ad97E.root 15052 15052 1 1 1 1
0005 2cCF9E16ab3f507B.root 15142 15142 1 1 1 1
0005 2cD7694BEaF35f8A.root 15055 15055 1 1 1 1
0005 2cE5f604A8C9bFa1.root 15135 15135 1 1 1 1
0005 2d45A08B93F7Efbe.root 14996 14996 1 1 1 1
0005 2d50a6ebCE189F73.root 14968 14968 1 1 1 1
0006 2dC1f5Da48A97B0b.root 15108 15108 1 1 1 1
0006 2dEfe8a61cABCDb5.root 15040 15040 1 1 1 1
0006 2e8bBd674EDcfA3C.root 15157 15157 1 1 1 1
0006 2e9FCBD368E5A07f.root 15161 15161 1 1 1 1
0006 2eB3ad84FDfbCE6c.root 15106 15106 1 1 1 1
0006 2eF9c3ECA8b540a6.root 15118 15118 1 1 1 1
0006 2f0EDAF3a8dc4Cb7.root 15143 15143 1 1 1 1
0006 2f3B59Ec860Ab1d4.root 15186 15186 1 1 1 1
0006 304D9B21feC7baAF.root 15022 15022 1 1 1 1
0006 30EAaC89b6F1ef5B.root 15047 15047 1 1 1 1
0006 30aBAd5C6ceEfDF9.root 15065 15065 1 1 1 1
0006 31408e6Dc2E5A97C.root 14992 14992 1 1 1 1
0006 31aEBe2dF5Db869A.root 15119 15119 1 1 1 1
0006 32E4A1Cef670Bab8.root 15033 15033 1 1 1 1
0006 32aF0E7fc5D9BbA4.root 15007 15007 1 1 1 1
0006 34DaAB90FbfE265e.root 15157 15157 1 1 1 1
0006 35C8fd72D1eb9B40.root 15122 15122 1 1 1 1
0006 35aEFdB2b64e09cC.root 15262 15262 1 1 1 1
0006 36Fd9fEbB5807Aca.root 15244 15244 1 1 1 1
0006 37FEdac69bfeB5C2.root 7739 7739 1 1 1 1
0007 37Fdc64bA85f1ECa.root 7677 7677 1 1 1 1
0007 384eca07d5D6F91b.root 15210 15210 1 1 1 1
0007 38AFdfcB5Ee1420b.root 15042 15042 1 1 1 1
0007 38ec52ABD9bCd16F.root 14931 14931 1 1 1 1
0007 39E2d0afAebDCF51.root 15133 15133 1 1 1 1
0007 39aCA4bEeD56f1dc.root 15077 15077 1 1 1 1
0007 3Ab5De704EFCdac8.root 15241 15241 1 1 1 1
0007 3C6B1e047d85Ecf9.root 15068 15068 1 1 1 1
0007 3DFcfeE1Ab674C05.root 15076 15076 1 1 1 1
0007 3E0621d4e9aDb8CA.root 15047 15047 1 1 1 1
0007 3E098BF62c4fD5bA.root 7747 7747 1 1 1 1
0007 3aDdF2cE416efA89.root 14989 14989 1 1 1 1
0007 3aeBfD4A07E5F681.root 15110 15110 1 1 1 1
0007 3c5EaBefC2b0D9A6.root 15093 15093 1 1 1 1
0007 3cCb8e612A40dfF9.root 15101 15101 1 1 1 1
0007 3cDBeE281fC9bdA7.root 15025 15025 1 1 1 1
0007 3dFb906c4AfeD158.root 15005 15005 1 1 1 1
0007 3ebd6c71EBAa042F.root 11363 11363 1 1 1 1
0007 3f582A9e4016aCFB.root 15237 15237 1 1 1 1
0007 3fCFBac918dDb2e6.root 15014 15014 1 1 1 1
0008 3fdabA8Eec7DC052.root 15100 15100 1 1 1 1
0008 40A7eaFcCD3db5f8.root 7698 7698 1 1 1 1
0008 426CF9d15Ef7D8ce.root 15063 15063 1 1 1 1
0008 42A3c5b8deBC9a7F.root 15130 15130 1 1 1 1
0008 438cb7962e1BaF50.root 15235 15235 1 1 1 1
0008 43BafbdFeAE29751.root 15200 15200 1 1 1 1
0008 46AD78E0b3d1fcB9.root 15103 15103 1 1 1 1
0008 46DA1a03FBC2f78c.root 14919 14919 1 1 1 1
0008 47DebF51AB6E39a0.root 7756 7756 1 1 1 1
0008 489dfbB3D1E7Fec0.root 15160 15160 1 1 1 1
0008 48b2B9fAFe75a6d3.root 15133 15133 1 1 1 1
0008 4Aecf90a15FdE267.root 15199 15199 1 1 1 1
0008 4C7B2c3Ae6F5D810.root 15108 15108 1 1 1 1
0008 4CAEcB6fe15DF2b3.root 15074 15074 1 1 1 1
0008 4F6a5CEfDeBc39b0.root 15241 15241 1 1 1 1
0008 4FDAfbcdBa8E2190.root 7837 7837 1 1 1 1
0008 4Fe9C13c5Eafb8A2.root 12242 12242 1 1 1 1
0008 4b2F1Ef95A73c0CD.root 15066 15066 1 1 1 1
0008 4b892eD5F3a6BdA7.root 15252 15252 1 1 1 1
0008 4e138DAaC5Bf2cF6.root 15054 15054 1 1 1 1
0009 4eAd7682BC5E93bD.root 7741 7741 1 1 1 1
0009 4f8eA79Fb3DCcad0.root 7705 7705 1 1 1 1
0009 4f92ec8CdB036bD1.root 8695 8695 1 1 1 1
0009 4fBdAa2CEe0c6587.root 14905 14905 1 1 1 1
0009 4fca03b62DAe98d7.root 10001 10001 1 1 1 1
0009 50EBd7b328F1c9AD.root 15190 15190 1 1 1 1
0009 51c264eFbAd03C79.root 13901 13901 1 1 1 1
0009 51d8DCF7409a3feB.root 15158 15158 1 1 1 1
0009 523b170F8A4d9fDa.root 15055 15055 1 1 1 1
0009 5260F7DedabE9B14.root 14920 14920 1 1 1 1
0009 53A024D1C6bcEdF9.root 14985 14985 1 1 1 1
0009 546FaE2B3A70cedf.root 15100 15100 1 1 1 1
0009 54AFa7623c9dbEfB.root 15128 15128 1 1 1 1
0009 562ECe80B97dAFD3.root 15121 15121 1 1 1 1
0009 56Cc29d01Be37FaA.root 15235 15235 1 1 1 1
0009 57Ac6De3f2aBF9Cd.root 15125 15125 1 1 1 1
0009 57c9bA3e628FCfdD.root 15121 15121 1 1 1 1
0009 58dbc41C30DBAf7F.root 15182 15182 1 1 1 1
0009 590A31Caf678Bcbe.root 15137 15137 1 1 1 1
0009 59243A7dbcfC1aEF.root 10651 10651 1 1 1 1
0010 59daebDf4A8cF61B.root 12894 12894 1 1 1 1
0010 5ADE8C76cF3f2d9a.root 7863 7863 1 1 1 1
0010 5Ab32eBD6aF7149E.root 14943 14943 1 1 1 1
0010 5BC7cE830Db4f2e1.root 15195 15195 1 1 1 1
0010 5BDe7Cc14d8bf3E0.root 15205 15205 1 1 1 1
0010 5C0eDaf6Bd7938b4.root 15030 15030 1 1 1 1
0010 5C73A42f96dbBc08.root 7979 7979 1 1 1 1
0010 5C9A3B1aDf407dE8.root 15265 15265 1 1 1 1
0010 5CEA1D78faBe2Fb9.root 15011 15011 1 1 1 1
0010 5D712380BAf4bE6a.root 15156 15156 1 1 1 1
0010 5DBacb0f39E71d46.root 15163 15163 1 1 1 1
0010 5EBA18C0bc4f3d9F.root 8556 8556 1 1 1 1
0010 5EBCaFd96fAbe734.root 15004 15004 1 1 1 1
0010 5F7adb8e9cBDfEC6.root 15059 15059 1 1 1 1
0010 5Face8Dd0EBf9C62.root 15144 15144 1 1 1 1
0010 5a2F6B1de9834fb7.root 7783 7783 1 1 1 1
0010 5b069d1F3BEfC24D.root 15107 15107 1 1 1 1
0010 5c2793DadC460eAE.root 15069 15069 1 1 1 1
0010 5e097dfDAab68ECc.root 15004 15004 1 1 1 1
0010 602B1aEA5FebC837.root 12821 12821 1 1 1 1
0011 604Dd9aEb83B7ec5.root 7701 7701 1 1 1 1
0011 60BD5cF13a8CdbEf.root 15223 15223 1 1 1 1
0011 60Fd4D2Ec7b35CAf.root 15190 15190 1 1 1 1
0011 624053AbeFa187BD.root 15101 15101 1 1 1 1
0011 62C4B3d1c598FADE.root 15129 15129 1 1 1 1
0011 62Eec8AfdC4BD5a7.root 15204 15204 1 1 1 1
0011 62cC48aAB0D7bF5f.root 15134 15134 1 1 1 1
0011 62f75cb49d0E8AeD.root 15201 15201 1 1 1 1
0011 63Dbc1FfB4A08a72.root 14972 14972 1 1 1 1
0011 63E5ecB0bfaD298F.root 15112 15112 1 1 1 1
0011 63cB2ef7F8D059bA.root 15034 15034 1 1 1 1
0011 64D3BfaCF10E7e5d.root 14901 14901 1 1 1 1
0011 653DA1ecBabE849d.root 15211 15211 1 1 1 1
0011 657ABe20ac8dbF4f.root 15097 15097 1 1 1 1
0011 65871f24C0DeBA3b.root 15073 15073 1 1 1 1
0011 65AfcF4192d3eCEB.root 11899 11899 1 1 1 1
0011 678dCAa3502befBc.root 7772 7772 1 1 1 1
0011 67Babd32cA5eC849.root 15148 15148 1 1 1 1
0011 67FB4f8c1b3d0DA9.root 15119 15119 1 1 1 1
0011 67bFf85Be9ac0A2C.root 14871 14871 1 1 1 1
0012 6A5d801FbC72a9E4.root 15025 15025 1 1 1 1
0012 6B2ED54d9Aef7cFa.root 15043 15043 1 1 1 1
0012 6B5e08cd43f27F9E.root 14973 14973 1 1 1 1
0012 6Bd931EFf4ab2e07.root 15267 15267 1 1 1 1
0012 6Cd74b9FAE1DcBa5.root 15164 15164 1 1 1 1
0012 6DBECbf78A32dF4c.root 7835 7835 1 1 1 1
0012 6DF0A1Be987a2Ccb.root 15007 15007 1 1 1 1
0012 6Dcf0F8dAB734Ee9.root 15169 15169 1 1 1 1
0012 6Ddb71EfC0e349B2.root 15161 15161 1 1 1 1
0012 6Df10B3ce29E45Ad.root 15244 15244 1 1 1 1
0012 6EA128f47C3cBa5D.root 14984 14984 1 1 1 1
0012 6EBd3AD9047Cb5fF.root 14990 14990 1 1 1 1
0012 6EF7bB4Ae0d32ac8.root 15002 15002 1 1 1 1
0012 6Ea81F9cA703b4d5.root 7664 7664 1 1 1 1
0012 6F1EC04fd95b7ecB.root 15193 15193 1 1 1 1
0012 6FD19Bc3e2AfEb4d.root 14949 14949 1 1 1 1
0012 6Fd8A9e3fcD402EB.root 15030 15030 1 1 1 1
0012 6b3AB175efcFdD8a.root 14976 14976 1 1 1 1
0012 6bDd817aeA4FfE90.root 15045 15045 1 1 1 1
0012 6c20fFdEAaB4e7b8.root 13476 13476 1 1 1 1
0013 6c5273F1dEaeA4bC.root 9480 9480 1 1 1 1
0013 6cFdAb5D40Ce187B.root 15230 15230 1 1 1 1
0013 6cb1f350d8E2a974.root 15066 15066 1 1 1 1
0013 6d148E29bCae0cDB.root 15271 15271 1 1 1 1
0013 6d31DEf4b8A9aFB5.root 15083 15083 1 1 1 1
0013 6d548DBAeEc2Fb9a.root 14923 14923 1 1 1 1
0013 6d8DcEAe35B2901f.root 15117 15117 1 1 1 1
0013 6fD8B4aCAE17c9ed.root 12448 12448 1 1 1 1
0013 70C4dDB63Aa8c9Fe.root 15276 15276 1 1 1 1
0013 720B6d5DecAEbf4C.root 15237 15237 1 1 1 1
0013 720fdEC3eF5c1D4A.root 7739 7739 1 1 1 1
0013 726cA5bDB13dF940.root 15101 15101 1 1 1 1
0013 72AE350CcdB4bfFe.root 14997 14997 1 1 1 1
0013 72C4ecAEdBb3601F.root 15025 15025 1 1 1 1
0013 72bdBf0eE9aD16C3.root 13140 13140 1 1 1 1
0013 730AF5fDC21edabB.root 14955 14955 1 1 1 1
0013 741Aeb0d6fED8F9c.root 14885 14885 1 1 1 1
0013 743aD21bdefCc9A5.root 15195 15195 1 1 1 1
0013 74e8Ac3Dd6B95afC.root 15185 15185 1 1 1 1
0013 75A62DFfaB08C94e.root 14978 14978 1 1 1 1
0014 75EbA4CcFf61B928.root 7797 7797 1 1 1 1
0014 7613fBC2E8cb4DFA.root 15231 15231 1 1 1 1
0014 76C9D5Be0a2dfF81.root 11531 11531 1 1 1 1
0014 783F6bfBdeA2a4CD.root 15096 15096 1 1 1 1
0014 7890E1b423AD6fBF.root 15117 15117 1 1 1 1
0014 7928cEC0D3Af1d5e.root 14929 14929 1 1 1 1
0014 7AB5fFC6920beDd8.root 15262 15262 1 1 1 1
0014 7AdcFbB0354Ef68D.root 11851 11851 1 1 1 1
0014 7BC68149aAefF5DE.root 7759 7759 1 1 1 1
0014 7Bc216bA0ea85EF4.root 15027 15027 1 1 1 1
0014 7Bc568fdeC4A139b.root 14763 14763 1 1 1 1
0014 7Bd9e203A4aFb15C.root 15320 15320 1 1 1 1
0014 7C2D5AB6b041ecaf.root 15180 15180 1 1 1 1
0014 7C51AE8aFD0b2ec4.root 13731 13731 1 1 1 1
0014 7C64E2fc3BDeF1d9.root 15112 15112 1 1 1 1
0014 7Ca20864A3F1beEf.root 15131 15131 1 1 1 1
0014 7D4BAf2918a3c6E0.root 15071 15071 1 1 1 1
0014 7D4a0FCA8253e61E.root 15061 15061 1 1 1 1
0014 7FB1cCAE3fea4562.root 14919 14919 1 1 1 1
0014 7aC38B16Fe04AbdD.root 15152 15152 1 1 1 1
0015 7ab6EcADd498032B.root 15176 15176 1 1 1 1
0015 7b964fac12FCdDBA.root 7818 7818 1 1 1 1
0015 7bFcBCEda135A420.root 15030 15030 1 1 1 1
0015 7bc29fa184e6EF5C.root 7706 7706 1 1 1 1
0015 7befCAE1586FB0D3.root 15177 15177 1 1 1 1
0015 7c0ab31A4C26d9fF.root 15192 15192 1 1 1 1
0015 7c0d819Aea4bE25D.root 15132 15132 1 1 1 1
0015 7cf4a98dbe0C51B2.root 15067 15067 1 1 1 1
0015 7d1eE6C4f2Fc9bBD.root 15000 15000 1 1 1 1
0015 7d2FeCf81b965a3B.root 14940 14940 1 1 1 1
0015 7d3c629E0Fe1f4Cb.root 15168 15168 1 1 1 1
0015 7dEacf6408D3CF12.root 15177 15177 1 1 1 1
0015 7deC9Ea361cD5BAb.root 15088 15088 1 1 1 1
0015 7e0C4bB1d9A8F2a5.root 14995 14995 1 1 1 1
0015 7e34cF0DC52f9baA.root 12858 12858 1 1 1 1
0015 7ec2849D01F5Eabf.root 15132 15132 1 1 1 1
0015 7f1Ece632d08BAa5.root 15197 15197 1 1 1 1
0015 7f25c4bD9BdCFa6A.root 15059 15059 1 1 1 1
0015 7f2Eb9D1d64e350A.root 15029 15029 1 1 1 1
0015 7f92D8dEbeB365F1.root 15033 15033 1 1 1 1
0016 7fC5d46bBD8Ace12.root 7760 7760 1 1 1 1
0016 7fcEDFBa61084dC5.root 14885 14885 1 1 1 1
0016 80BaeEDA73f1Fb45.root 15006 15006 1 1 1 1
0016 80dD43A652aC9B7f.root 15042 15042 1 1 1 1
0016 80dbBfFEca5CA214.root 14970 14970 1 1 1 1
0016 81EDaB35e429d6Ac.root 7781 7781 1 1 1 1
0016 81b5d4D6faB03A9c.root 15124 15124 1 1 1 1
0016 82476EdfBDb3F91A.root 8126 8126 1 1 1 1
0016 825a67f031DdEbcF.root 15111 15111 1 1 1 1
0016 82d7D195AaC04cf3.root 15109 15109 1 1 1 1
0016 83Beb5DC1f6c4Aad.root 15082 15082 1 1 1 1
0016 83FEcbeA52D19a70.root 15104 15104 1 1 1 1
0016 83d61Bc45Efb9aFC.root 15116 15116 1 1 1 1
0016 850964AB1dC7eF3a.root 15328 15328 1 1 1 1
0016 850fFcae27B19dE4.root 7725 7725 1 1 1 1
0016 87C219c4e3A56DBb.root 15151 15151 1 1 1 1
0016 87f9eC3c6142AdbE.root 15086 15086 1 1 1 1
0016 89A7baefCd564B0D.root 14976 14976 1 1 1 1
0016 89Bd2a0ecFEC54b3.root 15298 15298 1 1 1 1
0016 89E61d7e43DbACa2.root 12098 12098 1 1 1 1
0017 8AF0ba97ceE6312f.root 15067 15067 1 1 1 1
0017 8Af9DF13Ca7cdebB.root 15161 15161 1 1 1 1
0017 8B326bCa4E7F5A91.root 10646 10646 1 1 1 1
0017 8CD0d4AE527a1e3c.root 7847 7847 1 1 1 1
0017 8D12dB7F5f0aAC4c.root 15060 15060 1 1 1 1
0017 8DbC7563adf9F4ec.root 12973 12973 1 1 1 1
0017 8DfBCE2A760b9da5.root 7820 7820 1 1 1 1
0017 8E30aD91Fc4feAbd.root 14998 14998 1 1 1 1
0017 8EA4aBDF7935e1bd.root 15250 15250 1 1 1 1
0017 8EDe7b4Fa5d06f2c.root 15102 15102 1 1 1 1
0017 8EFdA3C54cbeaDfB.root 15057 15057 1 1 1 1
0017 8EeADd9FacfB4312.root 12357 12357 1 1 1 1
0017 8F5a2fCe96b10c3B.root 15055 15055 1 1 1 1
0017 8bCDAf361cEBFe72.root 15127 15127 1 1 1 1
0017 8bc0Ae62d1E53DCB.root 15066 15066 1 1 1 1
0017 8c70Dd5eb96B1AFE.root 15072 15072 1 1 1 1
0017 8c93fC6D1a7dAE05.root 15094 15094 1 1 1 1
0017 8cC94DdA1F03fB26.root 11565 11565 1 1 1 1
0017 8d0bBA1FDEae2763.root 15159 15159 1 1 1 1
0017 8d1Fe42D6B9ba5AE.root 7808 7808 1 1 1 1
0018 8d7D69eCf231F04B.root 15188 15188 1 1 1 1
0018 8dcb20EB5A6971F4.root 15193 15193 1 1 1 1
0018 8f2a196E37bB5AFe.root 15165 15165 1 1 1 1
0018 8fbFeEBc20aCD917.root 15041 15041 1 1 1 1
0018 8fcB76aEA13D0FbC.root 15032 15032 1 1 1 1
0018 901a6cA5EFe7234D.root 15168 15168 1 1 1 1
0018 90b1d5ACE2fDFca8.root 15108 15108 1 1 1 1
0018 92043A8E1CDbdF7a.root 15114 15114 1 1 1 1
0018 92356eBbd4F8D7a0.root 15099 15099 1 1 1 1
0018 923Ed5a7fc648b1A.root 14981 14981 1 1 1 1
0018 92C5d1aD7c4Bbe0A.root 15250 15250 1 1 1 1
0018 92FC6D4EAb8f5dae.root 15026 15026 1 1 1 1
0018 92d65A8ECF3b47Dc.root 8243 8243 1 1 1 1
0018 93Ae1aF8CbcB7042.root 11546 11546 1 1 1 1
0018 93C6f42b80a1eBcE.root 15137 15137 1 1 1 1
0018 947F30edC218B6cf.root 15037 15037 1 1 1 1
0018 94D0edBAF5c3aE68.root 15130 15130 1 1 1 1
0018 9534E0bfA2cB17Ca.root 14937 14937 1 1 1 1
0018 95cb78F6f4B31deC.root 7732 7732 1 1 1 1
0018 96b1Fa852fe047B3.root 15146 15146 1 1 1 1
0019 9751BAFD36dcfCea.root 15167 15167 1 1 1 1
0019 97CdBFAeD8aE320b.root 15125 15125 1 1 1 1
0019 97D53d0a8B1AEfC4.root 8515 8515 1 1 1 1
0019 97d2DFA06c1Cb4B8.root 15245 15245 1 1 1 1
0019 98Dd4AcF0e1Bf5b7.root 15214 15214 1 1 1 1
0019 9A5746FcCd2Bb38D.root 15152 15152 1 1 1 1
0019 9C7dE162abcAeFBD.root 15089 15089 1 1 1 1
0019 9D0CfbEecaBF782A.root 14845 14845 1 1 1 1
0019 9E4AdcFb13D6aef0.root 15156 15156 1 1 1 1
0019 9F2a6de7Df8A30EB.root 15249 15249 1 1 1 1
0019 9F4e8Bca75b6EdAC.root 14832 14832 1 1 1 1
0019 9FCf6c582e730aAB.root 14859 14859 1 1 1 1
0019 9acbE3fF4De0d2C8.root 15204 15204 1 1 1 1
0019 9bECFc6da12548f0.root 7832 7832 1 1 1 1
0019 9bdDC05c8f1eF42B.root 12053 12053 1 1 1 1
0019 9bda2DC0Fe437ABf.root 15175 15175 1 1 1 1
0019 9c8Ee236b7A4adDC.root 14067 14067 1 1 1 1
0019 9cdDfF81A032Eb76.root 14979 14979 1 1 1 1
0019 9d1270DBeE6Fa5C8.root 15057 15057 1 1 1 1
0019 9d2C80E5DAfb3e7F.root 15003 15003 1 1 1 1
0020 9dc1C45b3e07286A.root 15158 15158 1 1 1 1
0020 9de5C86c7B0fba31.root 11214 11214 1 1 1 1
0020 9e4D2dE71Fc5AbB3.root 15138 15138 1 1 1 1
0020 9eC6BFfcA745b8d3.root 14961 14961 1 1 1 1
0020 9f3aDA2beF7c856d.root 15070 15070 1 1 1 1
0020 9f7c5BeFbC341A28.root 15116 15116 1 1 1 1
0020 9f83ceaE1260A7B4.root 15181 15181 1 1 1 1
0020 9fBDb6ac51E873C0.root 15074 15074 1 1 1 1
0020 9fD5E2b3F687caC4.root 15302 15302 1 1 1 1
0020 9fE416ebDC78dcBF.root 15163 15163 1 1 1 1
0020 9fcd026FbCDBEa73.root 15247 15247 1 1 1 1
0020 9fde2ED5a08c6471.root 7773 7773 1 1 1 1
0020 A0E94cFBb6e5aD3f.root 15070 15070 1 1 1 1
0020 A3f1DE7Fe9a458b0.root 7827 7827 1 1 1 1
0020 A430cdE259D8CbFe.root 15285 15285 1 1 1 1
0020 A46DBda290fEC5e1.root 15120 15120 1 1 1 1
0020 A5391Ef26DC8e7cB.root 14949 14949 1 1 1 1
0020 A53b7F208eD1C9aB.root 15144 15144 1 1 1 1
0020 A57cd1CBfaDbe9E3.root 15148 15148 1 1 1 1
0020 A60f3F85c2e14C7E.root 15135 15135 1 1 1 1
0021 A6918aFb3e5BcDf4.root 15240 15240 1 1 1 1
0021 A6fb3e1c25a4B09D.root 15018 15018 1 1 1 1
0021 A742ab0Cd3f1BF5E.root 15071 15071 1 1 1 1
0021 A74908fEC62b5cad.root 15330 15330 1 1 1 1
0021 A786bCD20BdE5fac.root 15185 15185 1 1 1 1
0021 A7EB40d8c326faCe.root 15076 15076 1 1 1 1
0021 A7bed4Df2ac9B8EC.root 15133 15133 1 1 1 1
0021 A7cBD9fe42Fa8316.root 14954 14954 1 1 1 1
0021 A8aC692BF43Dbc5e.root 15014 15014 1 1 1 1
0021 A9fB6d70e58E4c3C.root 15091 15091 1 1 1 1
0021 A9fa5dcC7FB210be.root 15359 15359 1 1 1 1
0021 AB12Da89bCFEfe6d.root 15151 15151 1 1 1 1
0021 AB3fFb6D714E298c.root 15053 15053 1 1 1 1
0021 AB8edbf9E25FcC61.root 15101 15101 1 1 1 1
0021 ABC5bFdD6a4E93e0.root 15059 15059 1 1 1 1
0021 AC7bE5fd4Fe2c680.root 15155 15155 1 1 1 1
0021 ACF395a70E2f84Bd.root 15184 15184 1 1 1 1
0021 ACFB57a92dfc301e.root 14917 14917 1 1 1 1
0021 AD35816c9FC472fe.root 7772 7772 1 1 1 1
0021 AE3906faeD8bBd25.root 15308 15308 1 1 1 1
0022 AE6BC80257DcdF9a.root 7736 7736 1 1 1 1
0022 Aa9Ef304ce128C6b.root 14995 14995 1 1 1 1
0022 Ab0afEc51769DFBC.root 7824 7824 1 1 1 1
0022 AbD02B351C7E6fa8.root 15076 15076 1 1 1 1
0022 AcD7Cf5b93eB286d.root 15022 15022 1 1 1 1
0022 Aca51ed648907DBC.root 14970 14970 1 1 1 1
0022 AdF021fD538ecbEa.root 15137 15137 1 1 1 1
0022 Ae326E4c7fCdD10B.root 15104 15104 1 1 1 1
0022 Af254936Db180ea7.root 15027 15027 1 1 1 1
0022 Af25ED9cdB6b073e.root 12376 12376 1 1 1 1
0022 Afab5D9E2dF81C4c.root 9229 9229 1 1 1 1
0022 B16a432Fe5d7AfC8.root 7804 7804 1 1 1 1
0022 B1C259E87Fc304Ab.root 15068 15068 1 1 1 1
0022 B1a5EDf49cbd0F27.root 15179 15179 1 1 1 1
0022 B1faDA6dC90725EF.root 15156 15156 1 1 1 1
0022 B1fbaCE260945dcD.root 15070 15070 1 1 1 1
0022 B287E69CAf4c50da.root 15245 15245 1 1 1 1
0022 B348bF92EdaeC0fD.root 15069 15069 1 1 1 1
0022 B34fdEbe6A80715F.root 15012 15012 1 1 1 1
0022 B361942ecDC8Edb5.root 12098 12098 1 1 1 1
0023 B39245def0AcFD86.root 15044 15044 1 1 1 1
0023 B3EcD0F6d7C82e1f.root 15114 15114 1 1 1 1
0023 B3bfeD45c1a76d2C.root 15087 15087 1 1 1 1
0023 B47EaA965dcCbD2f.root 7830 7830 1 1 1 1
0023 B4efcE6CdDA201ab.root 14947 14947 1 1 1 1
0023 B539Da42E8AfbdcF.root 15138 15138 1 1 1 1
0023 B58fcD13Fa74bA02.root 15153 15153 1 1 1 1
0023 B5Ad1cE390b84aCe.root 15476 15476 1 1 1 1
0023 B5D6870f1dE3C9F2.root 15032 15032 1 1 1 1
0023 B7A5e8C24c9bE60a.root 11275 11275 1 1 1 1
0023 B7fAE8e32aD1c056.root 7779 7779 1 1 1 1
0023 B7fCe8201cD4Ab96.root 13070 13070 1 1 1 1
0023 B8a5A41cb0fFEe9d.root 15009 15009 1 1 1 1
0023 BA4a2FEdC9Dfe810.root 15129 15129 1 1 1 1
0023 BAa63e2b7F815CDd.root 14960 14960 1 1 1 1
0023 BCDac58db90f6e3F.root 15323 15323 1 1 1 1
0023 BDea7419FACfdc36.root 15161 15161 1 1 1 1
0023 BE8CF0Da6Ac51d72.root 15214 15214 1 1 1 1
0023 BEAD4258f09F3bea.root 11816 11816 1 1 1 1
0023 BEf695b04aA8F7dD.root 15086 15086 1 1 1 1
0024 Ba1E48C7Ab0c362e.root 15188 15188 1 1 1 1
0024 Ba1fbc3657A0D9Fe.root 15110 15110 1 1 1 1
0024 Ba4A61D50b9f7Ede.root 13839 13839 1 1 1 1
0024 BadcD71E924C6eA5.root 15255 15255 1 1 1 1
0024 Bade0Fc3fbC4E589.root 15323 15323 1 1 1 1
0024 BbD5479AeFfE10d2.root 8340 8340 1 1 1 1
0024 Bc9e0a314EfC58db.root 14977 14977 1 1 1 1
0024 Bd7FE92aD60e1f8C.root 15162 15162 1 1 1 1
0024 Bda5D38C97cfEA0e.root 15176 15176 1 1 1 1
0024 Be5b376A4E8d0fFD.root 15052 15052 1 1 1 1
0024 BeA839D715Fc062d.root 15112 15112 1 1 1 1
0024 BfD3EdaAF461750c.root 15124 15124 1 1 1 1
0024 Bfcda1EA293740F8.root 12861 12861 1 1 1 1
0024 Bfdba70935Fec862.root 15090 15090 1 1 1 1
0024 Bfe87C091a6cFb3E.root 15213 15213 1 1 1 1
0024 C17f30a5FBd9bA2D.root 15024 15024 1 1 1 1
0024 C21D9f685BEbd4c3.root 14990 14990 1 1 1 1
0024 C268FBf15AD9d73c.root 7755 7755 1 1 1 1
0024 C26FBcAfd3EDa105.root 15049 15049 1 1 1 1
0024 C2FA59E4aBbDed6f.root 15065 15065 1 1 1 1
0025 C382a1AE6F9d7cBb.root 15102 15102 1 1 1 1
0025 C3AFE4bd567D9a0e.root 15211 15211 1 1 1 1
0025 C3E719f06bcF428d.root 15012 15012 1 1 1 1
0025 C41dDBEFeA6a9bfc.root 15210 15210 1 1 1 1
0025 C42107ce85da3DAE.root 15026 15026 1 1 1 1
0025 C4217c0FeB53dE6D.root 15037 15037 1 1 1 1
0025 C50FcA8367B429De.root 15059 15059 1 1 1 1
0025 C5Fbf6Ba3297dE1A.root 15009 15009 1 1 1 1
0025 C5dEAc248feB7a1D.root 14980 14980 1 1 1 1
0025 C71BFc2ebAf8D0d3.root 15142 15142 1 1 1 1
0025 C71a3Ab9B46D8Ec5.root 15165 15165 1 1 1 1
0025 C73Bc9d046abAF58.root 15088 15088 1 1 1 1
0025 C78Ddcf532eBE164.root 15093 15093 1 1 1 1
0025 C89B6bf5Fc237Ee0.root 15056 15056 1 1 1 1
0025 C8Bd3146eaE59f07.root 15114 15114 1 1 1 1
0025 C8F172b6A5e43cDE.root 15148 15148 1 1 1 1
0025 C8cF0fab6D9734dE.root 7728 7728 1 1 1 1
0025 C9A45B1FaEcD836d.root 15138 15138 1 1 1 1
0025 C9E7Fa210dD58fb6.root 14875 14875 1 1 1 1
0025 CA5271af3E4DbFcd.root 15050 15050 1 1 1 1
0026 CB3A97dE42c56Dab.root 15049 15049 1 1 1 1
0026 CBeb142D6dc5EF83.root 15098 15098 1 1 1 1
0026 CD1dAcfEa46bF9e8.root 15016 15016 1 1 1 1
0026 CDabeB6852Afc3Ed.root 10825 10825 1 1 1 1
0026 CE9edB65caA03b24.root 15029 15029 1 1 1 1
0026 CF2479fEaBc08ADb.root 14977 14977 1 1 1 1
0026 CaFBd5e72c9b3EA0.root 15258 15258 1 1 1 1
0026 CabEe5f9A8d47Bc2.root 15215 15215 1 1 1 1
0026 Cb8073E51F9deDac.root 15119 15119 1 1 1 1
0026 Cd7fcAE61089Fe4a.root 15007 15007 1 1 1 1
0026 CdA5BcD06baE93e4.root 15048 15048 1 1 1 1
0026 CdDB3e8a60c52b7f.root 7820 7820 1 1 1 1
0026 Ce4A76B2aE0c1fF8.root 7605 7605 1 1 1 1
0026 CeDcbFf780d264AE.root 15042 15042 1 1 1 1
0026 Ceb4789f0aE2FAd5.root 15266 15266 1 1 1 1
0026 Cf196D4E5Aab387d.root 15185 15185 1 1 1 1
0026 CfA4d2E7609aB83D.root 15081 15081 1 1 1 1
0026 Cfd03Bbe5cFa761D.root 15063 15063 1 1 1 1
0026 Cfe5Ea483cd6AB1D.root 15358 15358 1 1 1 1
0026 D08735acE41Af9B6.root 14988 14988 1 1 1 1
0027 D10Bf6a78Ed2ec59.root 15067 15067 1 1 1 1
0027 D1EaAe039CF768f4.root 15217 15217 1 1 1 1
0027 D2F450318CBf96Eb.root 15146 15146 1 1 1 1
0027 D3aA1d07BbF2C8c6.root 15133 15133 1 1 1 1
0027 D47a5cFABCbed8E1.root 15144 15144 1 1 1 1
0027 D68AfCbEad71B305.root 15117 15117 1 1 1 1
0027 D68dCe34702ac9bB.root 15105 15105 1 1 1 1
0027 D7120EAf39Fd84Ca.root 8651 8651 1 1 1 1
0027 D8c3A9b64BCdf12a.root 15105 15105 1 1 1 1
0027 D957E0A3cBaC614d.root 15118 15118 1 1 1 1
0027 D9c6B25b4fA17a3d.root 15111 15111 1 1 1 1
0027 DB067C2f9F3ea48c.root 15204 15204 1 1 1 1
0027 DB1EeF27a4AcC058.root 15140 15140 1 1 1 1
0027 DB21f8645AabdCF9.root 15044 15044 1 1 1 1
0027 DBAc197f2E43Cae0.root 14920 14920 1 1 1 1
0027 DC2FAE58e06a47dc.root 15259 15259 1 1 1 1
0027 DC487eAf0B5c3FE9.root 15125 15125 1 1 1 1
0027 DCe39bE10a572F4d.root 7794 7794 1 1 1 1
0027 DE3197CA8Bd6efaF.root 15192 15192 1 1 1 1
0027 DE8b54FCcB017eAa.root 7718 7718 1 1 1 1
0028 DEd4F92A1B7cb6f3.root 7744 7744 1 1 1 1
0028 DF26B5dEC4c0a8Ae.root 15295 15295 1 1 1 1
0028 Da43fd57c0B8296A.root 13976 13976 1 1 1 1
0028 Da7CEc894bf5F2e1.root 15040 15040 1 1 1 1
0028 DbC36E97d1caB08F.root 15034 15034 1 1 1 1
0028 Dc67a5F03edEA842.root 15234 15234 1 1 1 1
0028 Dcabde419f5EF237.root 14902 14902 1 1 1 1
0028 Dcf5A0CeE1F26b8d.root 15119 15119 1 1 1 1
0028 Dde51a428BFbA96c.root 7693 7693 1 1 1 1
0028 De57AfdE9a18C0bB.root 9115 9115 1 1 1 1
0028 DeC1FB2593aA680E.root 15027 15027 1 1 1 1
0028 Dec8dC63b7B12AEF.root 15190 15190 1 1 1 1
0028 DefB850142acE7db.root 15298 15298 1 1 1 1
0028 E0dfF3a126DA9Cc7.root 15088 15088 1 1 1 1
0028 E158bF3dc49720fB.root 15105 15105 1 1 1 1
0028 E41CcFD287A596ed.root 15119 15119 1 1 1 1
0028 E43Aab8259FC1f60.root 14977 14977 1 1 1 1
0028 E485dDFC3ca6Bf70.root 15182 15182 1 1 1 1
0028 E50faAbC134BD7F8.root 14931 14931 1 1 1 1
0028 E53fdaFb06C7Be21.root 14987 14987 1 1 1 1
0029 E6B1724F3f985ACc.root 15021 15021 1 1 1 1
0029 E6b29acd3BA17F5f.root 15082 15082 1 1 1 1
0029 E6cafA52dB47eFC0.root 9349 9349 1 1 1 1
0029 E704b36FBCAa81c9.root 15070 15070 1 1 1 1
0029 E72eBCfF48Ac6bd1.root 15091 15091 1 1 1 1
0029 E7bc0f31edDA2F69.root 15161 15161 1 1 1 1
0029 E7cFd291eAa35fb4.root 13733 13733 1 1 1 1
0029 E8F5b07C9dD2B4a1.root 14999 14999 1 1 1 1
0029 E8Fb7fd0B694eac3.root 15076 15076 1 1 1 1
0029 E8a97bC5c0feBd34.root 15056 15056 1 1 1 1
0029 E8bde76cBC5AD24F.root 14893 14893 1 1 1 1
0029 E93F0b7Ba2d45Ae8.root 15029 15029 1 1 1 1
0029 EA51dB936D4aFcb8.root 15209 15209 1 1 1 1
0029 EBAe60F431D8a29d.root 7797 7797 1 1 1 1
0029 EBAf7301b82Fd5D4.root 15009 15009 1 1 1 1
0029 EBe1d7483f5026bD.root 15076 15076 1 1 1 1
0029 EC27aA08DeB5bfc6.root 7751 7751 1 1 1 1
0029 EC8aB1cD73fFd40b.root 15110 15110 1 1 1 1
0029 ED154C7d283c9Fb6.root 15029 15029 1 1 1 1
0029 EDa2f873F60C149B.root 15292 15292 1 1 1 1
0030 EDeB79851acdfb20.root 15110 15110 1 1 1 1
0030 Eb35Fe9ABd2C610f.root 15081 15081 1 1 1 1
0030 Ebd4c6aC70Afe382.root 15076 15076 1 1 1 1
0030 Ec16fb548aeDdAC3.root 15198 15198 1 1 1 1
0030 Ec4A5FD97eB208fC.root 15107 15107 1 1 1 1
0030 Ed01A684ac372B5e.root 15129 15129 1 1 1 1
0030 EdB130CcD9Ff7A56.root 14952 14952 1 1 1 1
0030 Ee68A90cb13dFaf4.root 15049 15049 1 1 1 1
0030 EeC5f27bca6d4081.root 15015 15015 1 1 1 1
0030 Ef763D5CF8a012be.root 11241 11241 1 1 1 1
0030 EfcD5AF4873Cdeb6.root 11361 11361 1 1 1 1
0030 F028f4aDe6573cEb.root 15148 15148 1 1 1 1
0030 F1a6AfBe802bDc9E.root 15161 15161 1 1 1 1
0030 F21Bb560dEAeDca9.root 13110 13110 1 1 1 1
0030 F27eD813cC5a60d9.root 15203 15203 1 1 1 1
0030 F2ba96e73DA84cBE.root 15148 15148 1 1 1 1
0030 F3a0eA68f1475DE2.root 15073 15073 1 1 1 1
0030 F3d7246bB05aeCDc.root 15148 15148 1 1 1 1
0030 F42c9bC87aB13efD.root 14918 14918 1 1 1 1
0030 F473dB02fD91A8Ca.root 15140 15140 1 1 1 1
0031 F4Ee98C570bBdf1a.root 15162 15162 1 1 1 1
0031 F4eDCfd2a0B6E593.root 7796 7796 1 1 1 1
0031 F54E2D71dce093fb.root 15200 15200 1 1 1 1
0031 F576Ef23Cbe0DB91.root 15152 15152 1 1 1 1
0031 F5B63fdCab8907E1.root 15035 15035 1 1 1 1
0031 F6Ab2a4c7B35d819.root 15068 15068 1 1 1 1
0031 F6b0ABaC3f41297c.root 15169 15169 1 1 1 1
0031 F847c3ADEedb9f50.root 8393 8393 1 1 1 1
0031 F9278B4DEfdc3056.root 15230 15230 1 1 1 1
0031 F93Efa1cCD67842b.root 15180 15180 1 1 1 1
0031 F9c820C5Df7B4aE1.root 14830 14830 1 1 1 1
0031 FAb2fd8aB30DC415.root 15104 15104 1 1 1 1
0031 FAcdE4f1BD3920a6.root 15216 15216 1 1 1 1
0031 FB9e0A5C21a4bd7c.root 15132 15132 1 1 1 1
0031 FCafb1298cd4E7Ae.root 15145 15145 1 1 1 1
0031 FDBcf0CAE2b768e3.root 15067 15067 1 1 1 1
0031 FE26CaDcf1e5A04B.root 15320 15320 1 1 1 1
0031 FEeC69DB2df8174a.root 15018 15018 1 1 1 1
0031 FEf10B74ec58bdC9.root 14891 14891 1 1 1 1
0031 Fb14fcCa59BE0D87.root 15242 15242 1 1 1 1
0032 FbdeB693415ac2fD.root 14186 14186 1 1 1 1
0032 Fcf20bCBeAdEa471.root 15092 15092 1 1 1 1
0032 Fd2519D74fb3BACc.root 15273 15273 1 1 1 1
0032 Fe4B281A7fb6CDa9.root 15286 15286 1 1 1 1
0032 Ff1CD04532E8cae7.root 15222 15222 1 1 1 1
0032 Ff2ec6Ba8d03A945.root 15180 15180 1 1 1 1
0032 Ff8DeC1cEb20a674.root 15102 15102 1 1 1 1
0032 FfE49b56BAc0ad32.root 15039 15039 1 1 1 1
0032 Ffb07DEBe6c3A15a.root 14975 14975 1 1 1 1
0032 a0437eFAfbD19d52.root 15072 15072 1 1 1 1
0032 a05fd7E41CeFcB62.root 15080 15080 1 1 1 1
0032 a0B3c74bfAE1dC6D.root 15143 15143 1 1 1 1
0032 a0cdE4ACfe37F85B.root 15065 15065 1 1 1 1
0032 a1DCA04Bb2f76c89.root 15072 15072 1 1 1 1
0032 a1c7FD6Be5Cd384f.root 15181 15181 1 1 1 1
0032 a1cDb72dA80CB3Ee.root 10830 10830 1 1 1 1
0032 a1d73e6DAbFCE9B5.root 15117 15117 1 1 1 1
0032 a1ebB3fE6dDA4C25.root 15180 15180 1 1 1 1
0032 a21e9735AEbc4FD6.root 15207 15207 1 1 1 1
0032 a245CED30Fc61d7b.root 15113 15113 1 1 1 1
0033 a3C0c7A8bE91d5DF.root 15122 15122 1 1 1 1
0033 a4Fb5E3BeD20Cc19.root 12677 12677 1 1 1 1
0033 a4bF7DA26Ef3cd09.root 15070 15070 1 1 1 1
0033 a4d7Ee836B5CcD9f.root 14997 14997 1 1 1 1
0033 a4dbeCE65738fAF0.root 15155 15155 1 1 1 1
0033 a5FE74B8f6edb39C.root 15060 15060 1 1 1 1
0033 a69F12358EAD0fe4.root 15116 15116 1 1 1 1
0033 a7618f4FcEA9B3d0.root 15235 15235 1 1 1 1
0033 a761dABD04Fb5fEC.root 15037 15037 1 1 1 1
0033 a79DEfe1d8Bbc26A.root 14990 14990 1 1 1 1
0033 a8317A9e2F4b6EDc.root 7737 7737 1 1 1 1
0033 a925ABDe8Ed3b674.root 15237 15237 1 1 1 1
0033 a9FAbDE2751d0f64.root 15079 15079 1 1 1 1
0033 a9f5beFcE48C2dD7.root 10306 10306 1 1 1 1
0033 aAd2Cef9B5FE70b1.root 15046 15046 1 1 1 1
0033 aCEDe8b1703426Ad.root 15093 15093 1 1 1 1
0033 aCdB4c935A2b6fEe.root 7898 7898 1 1 1 1
0033 aD9e14cd03AfB826.root 15157 15157 1 1 1 1
0033 aE05934bfFA8621c.root 15072 15072 1 1 1 1
0033 aE82cdFC60fD4Ae5.root 13726 13726 1 1 1 1
0034 aF0dBAE194563CDc.root 15204 15204 1 1 1 1
0034 aF3847dBbecE06Af.root 15160 15160 1 1 1 1
0034 acEBA40b6235dC97.root 15106 15106 1 1 1 1
0034 acf1350FAEe987C2.root 7620 7620 1 1 1 1
0034 ad19f4D27B0e5bCF.root 15223 15223 1 1 1 1
0034 adf7160AE9D5B43F.root 15053 15053 1 1 1 1
0034 ae0C3bA254f6c87E.root 15099 15099 1 1 1 1
0034 aebDc0A9452BCdf8.root 15040 15040 1 1 1 1
0034 aefE87bcdA45132D.root 15285 15285 1 1 1 1
0034 af0b4F15e7dB268A.root 7649 7649 1 1 1 1
0034 af7D29b4ecB15EAC.root 15362 15362 1 1 1 1
0034 afFb40136dCDe7EB.root 15162 15162 1 1 1 1
0034 afebDcBd08EA6F24.root 15116 15116 1 1 1 1
0034 b0c1693a47DEAd2B.root 15094 15094 1 1 1 1
0034 b1674aA80BeEC2Fc.root 11913 11913 1 1 1 1
0034 b1a3f74ADcBCdEFe.root 15216 15216 1 1 1 1
0034 b2aDAFCf935B604d.root 15102 15102 1 1 1 1
0034 b4cC6E3f02d57DFB.root 15068 15068 1 1 1 1
0034 b54C9Fd026B3fEa8.root 15259 15259 1 1 1 1
0034 b5D4603aACBd9187.root 14869 14869 1 1 1 1
0035 b6cd4e37fF9A180C.root 15228 15228 1 1 1 1
0035 b70C5Ea8Bdfe4A32.root 14261 14261 1 1 1 1
0035 b732af5edF49cE6D.root 7712 7712 1 1 1 1
0035 b79De0fdCAE4F251.root 15082 15082 1 1 1 1
0035 b7cD3F0Ad4eBE9aC.root 15145 15145 1 1 1 1
0035 b7fFe649cAdEDBa0.root 15086 15086 1 1 1 1
0035 b819f46a7C05F3ec.root 15168 15168 1 1 1 1
0035 b8d5c3F0fB9A7241.root 15189 15189 1 1 1 1
0035 b90c8D3fBA425F16.root 7710 7710 1 1 1 1
0035 b92DeABa1d03Cfc5.root 7770 7770 1 1 1 1
0035 b970F815e3BAdC2a.root 13071 13071 1 1 1 1
0035 b9A7DaF1503BE2d8.root 7908 7908 1 1 1 1
0035 b9B5cCdA74f26F83.root 15145 15145 1 1 1 1
0035 b9D4fc153078aAd2.root 14973 14973 1 1 1 1
0035 b9FDacd6BC427A18.root 14968 14968 1 1 1 1
0035 b9fCe7c308E1a5d4.root 15275 15275 1 1 1 1
0035 bA0a61FBCDEef758.root 15202 15202 1 1 1 1
0035 bA63c1ea4Bf27FCd.root 15030 15030 1 1 1 1
0035 bB05acF93EC4D862.root 15240 15240 1 1 1 1
0035 bB3C1052AFafc6D4.root 15008 15008 1 1 1 1
0036 bBA2Cfa7c4e19F8D.root 15178 15178 1 1 1 1
0036 bBAFf360d2Da958c.root 10138 10138 1 1 1 1
0036 bBd324aE9D8F7160.root 15100 15100 1 1 1 1
0036 bDf57c4C0dFe29A3.root 14989 14989 1 1 1 1
0036 bE19DdBe832afFA0.root 15040 15040 1 1 1 1
0036 bE785A9ae4cB062C.root 15028 15028 1 1 1 1
0036 bED534eF9c7a2fd1.root 15165 15165 1 1 1 1
0036 bF1f5E86CcaBA492.root 15099 15099 1 1 1 1
0036 bF65D2Cc3f1Ad9Ba.root 15049 15049 1 1 1 1
0036 bFEa9de30576A4f2.root 14983 14983 1 1 1 1
0036 ba5EBFD2CeA1fd8c.root 14992 14992 1 1 1 1
0036 ba6ADCceB2935dEf.root 7878 7878 1 1 1 1
0036 bae45B0E382fdF9D.root 14979 14979 1 1 1 1
0036 bafAe3c40975FE2d.root 15191 15191 1 1 1 1
0036 bca6FD298C5437Ae.root 15100 15100 1 1 1 1
0036 bd820cf61aCB7E9A.root 14974 14974 1 1 1 1
0036 be563c27C9d48D01.root 15075 15075 1 1 1 1
0036 be6EDF028f391a7C.root 15040 15040 1 1 1 1
0036 be6f59F3D0aACB7E.root 13490 13490 1 1 1 1
0036 c051aBd7Ae8FfD6b.root 10327 10327 1 1 1 1
0037 c06abE84DC7A5FBe.root 7888 7888 1 1 1 1
0037 c085F23f9Ad7beaC.root 14943 14943 1 1 1 1
0037 c1a6CD894b7Ae2f5.root 12062 12062 1 1 1 1
0037 c254ab67AD8CFBf1.root 15200 15200 1 1 1 1
0037 c27aCd4FBDAb3e60.root 15141 15141 1 1 1 1
0037 c28E615B4afAD09C.root 15095 15095 1 1 1 1
0037 c2d8bEBf5e34610a.root 15119 15119 1 1 1 1
0037 c2db706CA39f8B51.root 15164 15164 1 1 1 1
0037 c3a4EB5e0D8Abd6C.root 15049 15049 1 1 1 1
0037 c3feCa9AFb6D12d7.root 10338 10338 1 1 1 1
0037 c4e5d2B0E69Ab3aF.root 15028 15028 1 1 1 1
0037 c5D036EFbf98daC7.root 15173 15173 1 1 1 1
0037 c5E2dbB68f7AFC94.root 14514 14514 1 1 1 1
0037 c5f109d3CD26BFb8.root 15245 15245 1 1 1 1
0037 c60CeA5F73f4Bb82.root 14752 14752 1 1 1 1
0037 c715f0e6A39Ea8D4.root 15317 15317 1 1 1 1
0037 c815C4aD290fAd6B.root 12410 12410 1 1 1 1
0037 c86a7ADE43CbB1dF.root 14776 14776 1 1 1 1
0037 c8a7e1bAd53BF690.root 15146 15146 1 1 1 1
0037 cAdD7b95e3EBF402.root 15165 15165 1 1 1 1
0038 cB719CAD083d46bF.root 15184 15184 1 1 1 1
0038 cBfAED5e1a4d2b07.root 15145 15145 1 1 1 1
0038 cFe8429D0fba1ABE.root 15269 15269 1 1 1 1
0038 ca29401e587bB6DA.root 15150 15150 1 1 1 1
0038 ca9e04Dd58ECb321.root 14174 14174 1 1 1 1
0038 caCb58DEfB0dAF47.root 9318 9318 1 1 1 1
0038 caE14C3fe92b06AF.root 7514 7514 1 1 1 1
0038 caEb35fC70A8F4D2.root 7764 7764 1 1 1 1
0038 cd19fF24C6A0e37E.root 15086 15086 1 1 1 1
0038 cdAf932C680BeDE1.root 15138 15138 1 1 1 1
0038 cdED972C3A8b5Bae.root 15138 15138 1 1 1 1
0038 ce7481C5DBAFE6ab.root 15023 15023 1 1 1 1
0038 cf95a1F2AebCd4DB.root 15179 15179 1 1 1 1
0038 cfB2e3FAEC86Db74.root 15327 15327 1 1 1 1
0038 cfa52BF841CAd0E7.root 15385 15385 1 1 1 1
0038 cfaBe0bdC59D73FA.root 14837 14837 1 1 1 1
0038 cfbBAD07a35Eed68.root 14930 14930 1 1 1 1
0038 d0ea12b3fAc9F684.root 7779 7779 1 1 1 1
0038 d1D45b2ef03F69EB.root 15136 15136 1 1 1 1
0038 d2031c6bBA4F9D58.root 7731 7731 1 1 1 1
0039 d23FB4Acb8D061C7.root 15314 15314 1 1 1 1
0039 d28a3A69c5b1CfF4.root 14871 14871 1 1 1 1
0039 d2FcEAB9b48e506a.root 15134 15134 1 1 1 1
0039 d2b80DB6A974e31E.root 15045 15045 1 1 1 1
0039 d3ae860cD2B5F91b.root 15015 15015 1 1 1 1
0039 d4eE2Fc9fC831B7A.root 14942 14942 1 1 1 1
0039 d51AE043DBbc92C7.root 15298 15298 1 1 1 1
0039 d60fD1c9aB4e5AE3.root 15009 15009 1 1 1 1
0039 d613DBa87bCcef95.root 15047 15047 1 1 1 1
0039 d70AB4cfa85193DC.root 15084 15084 1 1 1 1
0039 d87f5E1Ab4B6Cec2.root 10587 10587 1 1 1 1
0039 d8ec5AD39Eb74f02.root 14911 14911 1 1 1 1
0039 d98BfACc6bE4eF7D.root 15025 15025 1 1 1 1
0039 dAb53f4aC6F8E0B1.root 15020 15020 1 1 1 1
0039 dB5Ae2F61ca3CD78.root 14990 14990 1 1 1 1
0039 dBE06319faCc52D4.root 15003 15003 1 1 1 1
0039 dC0953bac2BE1687.root 15069 15069 1 1 1 1
0039 dD3a2eF0ACb79f8B.root 15023 15023 1 1 1 1
0039 dD8E94aeC360BbF1.root 15085 15085 1 1 1 1
0039 dDA3B6C24Ffe19ba.root 15181 15181 1 1 1 1
0040 dDaC2516Fe4ABEfc.root 15041 15041 1 1 1 1
0040 dE856bCf2e7A90F4.root 15160 15160 1 1 1 1
0040 dEBC6bcF1D45f98a.root 15055 15055 1 1 1 1
0040 dEeF590a238BC46A.root 15060 15060 1 1 1 1
0040 dF21C7B6f9c54aAb.root 14407 14407 1 1 1 1
0040 dF4E6aCf03B51b2A.root 15271 15271 1 1 1 1
0040 dF9BE3C0ebA5f817.root 15341 15341 1 1 1 1
0040 dFBb127e985A6fDC.root 14981 14981 1 1 1 1
0040 dFD870E4A6Cc3aB9.root 14956 14956 1 1 1 1
0040 dFEf356AbBeC8c42.root 15084 15084 1 1 1 1
0040 dFEfa7DecB5b1324.root 15179 15179 1 1 1 1
0040 da7eC90D68Ff1AEB.root 7719 7719 1 1 1 1
0040 da90e3BFc5A42DEf.root 15066 15066 1 1 1 1
0040 daD17c05E4B8AFfC.root 15199 15199 1 1 1 1
0040 daD20e7683fC4bE1.root 15120 15120 1 1 1 1
0040 daD2765ABE8F3c41.root 15070 15070 1 1 1 1
0040 dac6140DFE23A7Cb.root 15083 15083 1 1 1 1
0040 dc8A2E09BbCFeaf3.root 15113 15113 1 1 1 1
0040 dcB4Fe250baA6E38.root 15068 15068 1 1 1 1
0040 dcBD57Cf3146AF2a.root 7874 7874 1 1 1 1
0041 dcC02b3781E9Df64.root 15247 15247 1 1 1 1
0041 dcbeD59af3EC216B.root 14977 14977 1 1 1 1
0041 dce07b1aB924FE6D.root 15203 15203 1 1 1 1
0041 de540E1B9f6FAb3c.root 15210 15210 1 1 1 1
0041 de6cF4D5aA8EC1b9.root 15153 15153 1 1 1 1
0041 deAb28f651F943ED.root 15106 15106 1 1 1 1
0041 deBbc6af12F8EAD3.root 15341 15341 1 1 1 1
0041 df05D126cAbe93Ea.root 15046 15046 1 1 1 1
0041 dfEAF2aBD7e16085.root 15160 15160 1 1 1 1
0041 e087cFD4bC12d5A3.root 15071 15071 1 1 1 1
0041 e0b5EA18a63F7fdC.root 14995 14995 1 1 1 1
0041 e1Bb5843FC07caDf.root 15100 15100 1 1 1 1
0041 e2094C1cb58D6dF3.root 7849 7849 1 1 1 1
0041 e2D0Bd86Ab1cf35E.root 15100 15100 1 1 1 1
0041 e2bE73856cAf1FaD.root 15288 15288 1 1 1 1
0041 e387B910cE2db6C5.root 15117 15117 1 1 1 1
0041 e3Bb5f8aAC7FD910.root 13171 13171 1 1 1 1
0041 e3cF5aEfb2d1470D.root 15129 15129 1 1 1 1
0041 e458c7FAfdC639E1.root 15023 15023 1 1 1 1
0041 e62a05fFdAD843Eb.root 15101 15101 1 1 1 1
0042 e69C8cA07fBEd345.root 15086 15086 1 1 1 1
0042 e6Ec8a9D7bACdBF4.root 15031 15031 1 1 1 1
0042 e70DcbF2C9Ed1AB3.root 15174 15174 1 1 1 1
0042 e84B9d6bCF3a2f7A.root 14979 14979 1 1 1 1
0042 e8b0CdE9ca56F2f7.root 15023 15023 1 1 1 1
0042 e8cE1Fa75bBDfd49.root 15123 15123 1 1 1 1
0042 e9B436Ea185bAC02.root 15141 15141 1 1 1 1
0042 eB527DcbEd06Aa4f.root 14924 14924 1 1 1 1
0042 eB9f5a4bc2AFC8E1.root 15021 15021 1 1 1 1
0042 eD284BFdbAE53179.root 14881 14881 1 1 1 1
0042 eD85cC61dAB9034a.root 15207 15207 1 1 1 1
0042 eEa934bcf6CD12B0.root 15151 15151 1 1 1 1
0042 eFbf3a4C6821DB0E.root 15122 15122 1 1 1 1
0042 ec75b8BDfda6AC2E.root 13883 13883 1 1 1 1
0042 ecd19E35FBAfb8D6.root 15010 15010 1 1 1 1
0042 ed7b2FAC1c5EB80D.root 15212 15212 1 1 1 1
0042 edE8bc24aCfDF039.root 15095 15095 1 1 1 1
0042 efCDFA5b64120c3B.root 15050 15050 1 1 1 1
0042 efd3F84B7aCbD05A.root 8179 8179 1 1 1 1
0042 f0426be3A8C7EBdD.root 15089 15089 1 1 1 1
0043 f0cA5D7a8FC9B6bd.root 14999 14999 1 1 1 1
0043 f20Fd9b67Ec54B1C.root 15195 15195 1 1 1 1
0043 f217E9beBa0dF58c.root 15062 15062 1 1 1 1
0043 f27C896A13edB4bD.root 15154 15154 1 1 1 1
0043 f2B0dFD3c1C947a8.root 14890 14890 1 1 1 1
0043 f2EdD75349a10FBA.root 15164 15164 1 1 1 1
0043 f4820eF1E9B6aCDA.root 10270 10270 1 1 1 1
0043 f4CFa36b71EBd985.root 14950 14950 1 1 1 1
0043 f5aAcC0Eed2FB1D6.root 14977 14977 1 1 1 1
0043 f5ba923cFeA6d47C.root 7858 7858 1 1 1 1
0043 f6C39e4da8c75DBE.root 7703 7703 1 1 1 1
0043 f6C8Bb17Ad4Eca3e.root 15182 15182 1 1 1 1
0043 f6a80EDC2d5Be17b.root 15052 15052 1 1 1 1
0043 f6ec8aCD75A2FEb3.root 15201 15201 1 1 1 1
0043 f89C5D2d7FA3eEB4.root 12008 12008 1 1 1 1
0043 f97Dc083E2FbB15A.root 7520 7520 1 1 1 1
0043 f983DbaEFC5ed417.root 15091 15091 1 1 1 1
0043 f98E372540dC6eaF.root 15075 15075 1 1 1 1
0043 f9d05bB246Ec3e8a.root 15075 15075 1 1 1 1
0043 fA72CB0E68caFe39.root 15182 15182 1 1 1 1
0044 fAEaF7C4b103c2D9.root 11907 11907 1 1 1 1
0044 fAEd420B7DFb31a8.root 15207 15207 1 1 1 1
0044 fBA32Fc85964Eb7C.root 13118 13118 1 1 1 1
0044 fBEbd3cAFC47De5a.root 15189 15189 1 1 1 1
0044 fC1d04eA685bcDE2.root 15064 15064 1 1 1 1
0044 fCcad71A952F4e8B.root 15152 15152 1 1 1 1
0044 fDaeF614983cd07B.root 15225 15225 1 1 1 1
0044 fE1c8e250bda7643.root 15205 15205 1 1 1 1
0044 fE2Ae4cBa03bCF7d.root 15037 15037 1 1 1 1
0044 fE53e2D4CFA7d196.root 15244 15244 1 1 1 1
0044 fE8a01B5d7e4C93A.root 14996 14996 1 1 1 1
0044 fEbFD2C0657A8da4.root 15335 15335 1 1 1 1
0044 fEca876deD1bA9F0.root 11928 11928 1 1 1 1
0044 fF2CDa30B675b9e1.root 14931 14931 1 1 1 1
0044 fa9B21c7C36eAbE4.root 15167 15167 1 1 1 1
0044 fc36CBb9DaE078d4.root 15233 15233 1 1 1 1
0044 fd6A17ac2B5bD0e8.root 7858 7858 1 1 1 1
0044 fd8bF6EC07ca9e43.root 12879 12879 1 1 1 1
0044 fdB16D23C4Fb79a0.root 15076 15076 1 1 1 1
0044 fdDB713b9EA2c648.root 15103 15103 1 1 1 1
0045 fedF945A268aEb3C.root 7718 7718 1 1 1 1
