0000 vbfh_0.root 29720 29720 1 1 1 1
0000 vbfh_100.root 30000 30000 1 1 1 1
0000 vbfh_1000.root 30000 30000 1 1 1 1
0000 vbfh_1100.root 30000 30000 1 1 1 1
0000 vbfh_1200.root 30000 30000 1 1 1 1
0001 vbfh_1300.root 30000 30000 1 1 1 1
0001 vbfh_1400.root 30000 30000 1 1 1 1
0001 vbfh_1500.root 30000 30000 1 1 1 1
0001 vbfh_1600.root 30000 30000 1 1 1 1
0001 vbfh_1700.root 30000 30000 1 1 1 1
0002 vbfh_1800.root 30000 30000 1 1 1 1
0002 vbfh_1900.root 30000 30000 1 1 1 1
0002 vbfh_200.root 30000 30000 1 1 1 1
0002 vbfh_2000.root 30000 30000 1 1 1 1
0002 vbfh_2100.root 30000 30000 1 1 1 1
0003 vbfh_2200.root 30000 30000 1 1 1 1
0003 vbfh_2300.root 30000 30000 1 1 1 1
0003 vbfh_2400.root 30000 30000 1 1 1 1
0003 vbfh_2500.root 30000 30000 1 1 1 1
0003 vbfh_2600.root 30000 30000 1 1 1 1
0004 vbfh_2700.root 30000 30000 1 1 1 1
0004 vbfh_2800.root 30000 30000 1 1 1 1
0004 vbfh_2900.root 30000 30000 1 1 1 1
0004 vbfh_300.root 30000 30000 1 1 1 1
0004 vbfh_3000.root 30000 30000 1 1 1 1
0005 vbfh_3100.root 30000 30000 1 1 1 1
0005 vbfh_3200.root 30000 30000 1 1 1 1
0005 vbfh_3300.root 30000 30000 1 1 1 1
0005 vbfh_3400.root 30000 30000 1 1 1 1
0005 vbfh_3500.root 30000 30000 1 1 1 1
0006 vbfh_3600.root 30000 30000 1 1 1 1
0006 vbfh_3700.root 30000 30000 1 1 1 1
0006 vbfh_3800.root 30000 30000 1 1 1 1
0006 vbfh_3900.root 30000 30000 1 1 1 1
0006 vbfh_400.root 30000 30000 1 1 1 1
0007 vbfh_4000.root 30000 30000 1 1 1 1
0007 vbfh_4100.root 30000 30000 1 1 1 1
0007 vbfh_4200.root 30000 30000 1 1 1 1
0007 vbfh_4300.root 30000 30000 1 1 1 1
0007 vbfh_4400.root 30000 30000 1 1 1 1
0008 vbfh_4500.root 30000 30000 1 1 1 1
0008 vbfh_4600.root 30000 30000 1 1 1 1
0008 vbfh_4700.root 30000 30000 1 1 1 1
0008 vbfh_4800.root 30000 30000 1 1 1 1
0008 vbfh_4900.root 28800 28800 1 1 1 1
0009 vbfh_500.root 30000 30000 1 1 1 1
0009 vbfh_600.root 30000 30000 1 1 1 1
0009 vbfh_700.root 30000 30000 1 1 1 1
0009 vbfh_800.root 30000 30000 1 1 1 1
0009 vbfh_900.root 30000 30000 1 1 1 1
