0000 2665748.0.root 1 1 1 1 1 1
0000 2665986.1.root 1 1 1 1 1 1
0000 2665986.104.root 1 1 1 1 1 1
0000 2665986.11.root 1 1 1 1 1 1
0000 2665986.118.root 1 1 1 1 1 1
0000 2665986.120.root 1 1 1 1 1 1
0000 2665986.121.root 1 1 1 1 1 1
0000 2665986.125.root 1 1 1 1 1 1
0000 2665986.128.root 1 1 1 1 1 1
0000 2665986.129.root 1 1 1 1 1 1
0000 2665986.13.root 1 1 1 1 1 1
0000 2665986.140.root 1 1 1 1 1 1
0000 2665986.146.root 1 1 1 1 1 1
0000 2665986.148.root 1 1 1 1 1 1
0000 2665986.151.root 1 1 1 1 1 1
0000 2665986.152.root 1 1 1 1 1 1
0000 2665986.154.root 1 1 1 1 1 1
0000 2665986.155.root 1 1 1 1 1 1
0000 2665986.156.root 1 1 1 1 1 1
0000 2665986.157.root 1 1 1 1 1 1
0000 2665986.159.root 1 1 1 1 1 1
0000 2665986.16.root 1 1 1 1 1 1
0000 2665986.160.root 1 1 1 1 1 1
0000 2665986.165.root 1 1 1 1 1 1
0000 2665986.167.root 1 1 1 1 1 1
0000 2665986.17.root 1 1 1 1 1 1
0000 2665986.173.root 1 1 1 1 1 1
0000 2665986.177.root 1 1 1 1 1 1
0000 2665986.181.root 1 1 1 1 1 1
0000 2665986.183.root 1 1 1 1 1 1
0000 2665986.184.root 1 1 1 1 1 1
0000 2665986.185.root 1 1 1 1 1 1
0000 2665986.187.root 1 1 1 1 1 1
0000 2665986.191.root 1 1 1 1 1 1
0000 2665986.195.root 1 1 1 1 1 1
0000 2665986.198.root 1 1 1 1 1 1
0000 2665986.2.root 1 1 1 1 1 1
0000 2665986.203.root 1 1 1 1 1 1
0000 2665986.204.root 1 1 1 1 1 1
0000 2665986.207.root 1 1 1 1 1 1
0001 2665986.21.root 1 1 1 1 1 1
0001 2665986.213.root 1 1 1 1 1 1
0001 2665986.214.root 1 1 1 1 1 1
0001 2665986.215.root 1 1 1 1 1 1
0001 2665986.216.root 1 1 1 1 1 1
0001 2665986.219.root 1 1 1 1 1 1
0001 2665986.22.root 1 1 1 1 1 1
0001 2665986.221.root 1 1 1 1 1 1
0001 2665986.223.root 1 1 1 1 1 1
0001 2665986.225.root 1 1 1 1 1 1
0001 2665986.226.root 1 1 1 1 1 1
0001 2665986.227.root 1 1 1 1 1 1
0001 2665986.228.root 1 1 1 1 1 1
0001 2665986.229.root 1 1 1 1 1 1
0001 2665986.230.root 1 1 1 1 1 1
0001 2665986.234.root 1 1 1 1 1 1
0001 2665986.235.root 1 1 1 1 1 1
0001 2665986.236.root 1 1 1 1 1 1
0001 2665986.237.root 1 1 1 1 1 1
0001 2665986.238.root 1 1 1 1 1 1
0001 2665986.239.root 1 1 1 1 1 1
0001 2665986.241.root 1 1 1 1 1 1
0001 2665986.246.root 1 1 1 1 1 1
0001 2665986.247.root 1 1 1 1 1 1
0001 2665986.248.root 1 1 1 1 1 1
0001 2665986.249.root 1 1 1 1 1 1
0001 2665986.251.root 1 1 1 1 1 1
0001 2665986.252.root 1 1 1 1 1 1
0001 2665986.254.root 1 1 1 1 1 1
0001 2665986.255.root 1 1 1 1 1 1
0001 2665986.256.root 1 1 1 1 1 1
0001 2665986.259.root 1 1 1 1 1 1
0001 2665986.26.root 1 1 1 1 1 1
0001 2665986.260.root 1 1 1 1 1 1
0001 2665986.262.root 1 1 1 1 1 1
0001 2665986.265.root 1 1 1 1 1 1
0001 2665986.266.root 1 1 1 1 1 1
0001 2665986.267.root 1 1 1 1 1 1
0001 2665986.268.root 1 1 1 1 1 1
0001 2665986.269.root 1 1 1 1 1 1
0002 2665986.270.root 1 1 1 1 1 1
0002 2665986.271.root 1 1 1 1 1 1
0002 2665986.273.root 1 1 1 1 1 1
0002 2665986.274.root 1 1 1 1 1 1
0002 2665986.275.root 1 1 1 1 1 1
0002 2665986.276.root 1 1 1 1 1 1
0002 2665986.277.root 1 1 1 1 1 1
0002 2665986.278.root 1 1 1 1 1 1
0002 2665986.279.root 1 1 1 1 1 1
0002 2665986.281.root 1 1 1 1 1 1
0002 2665986.282.root 1 1 1 1 1 1
0002 2665986.283.root 1 1 1 1 1 1
0002 2665986.284.root 1 1 1 1 1 1
0002 2665986.285.root 1 1 1 1 1 1
0002 2665986.286.root 1 1 1 1 1 1
0002 2665986.287.root 1 1 1 1 1 1
0002 2665986.289.root 1 1 1 1 1 1
0002 2665986.290.root 1 1 1 1 1 1
0002 2665986.291.root 1 1 1 1 1 1
0002 2665986.293.root 1 1 1 1 1 1
0002 2665986.294.root 1 1 1 1 1 1
0002 2665986.296.root 1 1 1 1 1 1
0002 2665986.297.root 1 1 1 1 1 1
0002 2665986.298.root 1 1 1 1 1 1
0002 2665986.299.root 1 1 1 1 1 1
0002 2665986.3.root 1 1 1 1 1 1
0002 2665986.300.root 1 1 1 1 1 1
0002 2665986.301.root 1 1 1 1 1 1
0002 2665986.302.root 1 1 1 1 1 1
0002 2665986.303.root 1 1 1 1 1 1
0002 2665986.304.root 1 1 1 1 1 1
0002 2665986.305.root 1 1 1 1 1 1
0002 2665986.307.root 1 1 1 1 1 1
0002 2665986.308.root 1 1 1 1 1 1
0002 2665986.309.root 1 1 1 1 1 1
0002 2665986.31.root 1 1 1 1 1 1
0002 2665986.310.root 1 1 1 1 1 1
0002 2665986.312.root 1 1 1 1 1 1
0002 2665986.314.root 1 1 1 1 1 1
0002 2665986.315.root 1 1 1 1 1 1
0003 2665986.316.root 1 1 1 1 1 1
0003 2665986.317.root 1 1 1 1 1 1
0003 2665986.318.root 1 1 1 1 1 1
0003 2665986.319.root 1 1 1 1 1 1
0003 2665986.320.root 1 1 1 1 1 1
0003 2665986.321.root 1 1 1 1 1 1
0003 2665986.322.root 1 1 1 1 1 1
0003 2665986.324.root 1 1 1 1 1 1
0003 2665986.325.root 1 1 1 1 1 1
0003 2665986.327.root 1 1 1 1 1 1
0003 2665986.328.root 1 1 1 1 1 1
0003 2665986.329.root 1 1 1 1 1 1
0003 2665986.330.root 1 1 1 1 1 1
0003 2665986.331.root 1 1 1 1 1 1
0003 2665986.332.root 1 1 1 1 1 1
0003 2665986.333.root 1 1 1 1 1 1
0003 2665986.334.root 1 1 1 1 1 1
0003 2665986.337.root 1 1 1 1 1 1
0003 2665986.338.root 1 1 1 1 1 1
0003 2665986.339.root 1 1 1 1 1 1
0003 2665986.34.root 1 1 1 1 1 1
0003 2665986.340.root 1 1 1 1 1 1
0003 2665986.341.root 1 1 1 1 1 1
0003 2665986.342.root 1 1 1 1 1 1
0003 2665986.343.root 1 1 1 1 1 1
0003 2665986.344.root 1 1 1 1 1 1
0003 2665986.346.root 1 1 1 1 1 1
0003 2665986.347.root 1 1 1 1 1 1
0003 2665986.348.root 1 1 1 1 1 1
0003 2665986.351.root 1 1 1 1 1 1
0003 2665986.353.root 1 1 1 1 1 1
0003 2665986.354.root 1 1 1 1 1 1
0003 2665986.355.root 1 1 1 1 1 1
0003 2665986.356.root 1 1 1 1 1 1
0003 2665986.358.root 1 1 1 1 1 1
0003 2665986.36.root 1 1 1 1 1 1
0003 2665986.363.root 1 1 1 1 1 1
0003 2665986.364.root 1 1 1 1 1 1
0003 2665986.365.root 1 1 1 1 1 1
0003 2665986.366.root 1 1 1 1 1 1
0004 2665986.367.root 1 1 1 1 1 1
0004 2665986.368.root 1 1 1 1 1 1
0004 2665986.369.root 1 1 1 1 1 1
0004 2665986.370.root 1 1 1 1 1 1
0004 2665986.371.root 1 1 1 1 1 1
0004 2665986.372.root 1 1 1 1 1 1
0004 2665986.373.root 1 1 1 1 1 1
0004 2665986.375.root 1 1 1 1 1 1
0004 2665986.376.root 1 1 1 1 1 1
0004 2665986.377.root 1 1 1 1 1 1
0004 2665986.378.root 1 1 1 1 1 1
0004 2665986.38.root 1 1 1 1 1 1
0004 2665986.382.root 1 1 1 1 1 1
0004 2665986.383.root 1 1 1 1 1 1
0004 2665986.384.root 1 1 1 1 1 1
0004 2665986.385.root 1 1 1 1 1 1
0004 2665986.387.root 1 1 1 1 1 1
0004 2665986.389.root 1 1 1 1 1 1
0004 2665986.39.root 1 1 1 1 1 1
0004 2665986.390.root 1 1 1 1 1 1
0004 2665986.391.root 1 1 1 1 1 1
0004 2665986.392.root 1 1 1 1 1 1
0004 2665986.394.root 1 1 1 1 1 1
0004 2665986.395.root 1 1 1 1 1 1
0004 2665986.396.root 1 1 1 1 1 1
0004 2665986.398.root 1 1 1 1 1 1
0004 2665986.4.root 1 1 1 1 1 1
0004 2665986.400.root 1 1 1 1 1 1
0004 2665986.402.root 1 1 1 1 1 1
0004 2665986.403.root 1 1 1 1 1 1
0004 2665986.404.root 1 1 1 1 1 1
0004 2665986.405.root 1 1 1 1 1 1
0004 2665986.408.root 1 1 1 1 1 1
0004 2665986.409.root 1 1 1 1 1 1
0004 2665986.41.root 1 1 1 1 1 1
0004 2665986.410.root 1 1 1 1 1 1
0004 2665986.412.root 1 1 1 1 1 1
0004 2665986.413.root 1 1 1 1 1 1
0004 2665986.414.root 1 1 1 1 1 1
0004 2665986.415.root 1 1 1 1 1 1
0005 2665986.416.root 1 1 1 1 1 1
0005 2665986.421.root 1 1 1 1 1 1
0005 2665986.424.root 1 1 1 1 1 1
0005 2665986.425.root 1 1 1 1 1 1
0005 2665986.427.root 1 1 1 1 1 1
0005 2665986.428.root 1 1 1 1 1 1
0005 2665986.429.root 1 1 1 1 1 1
0005 2665986.433.root 1 1 1 1 1 1
0005 2665986.435.root 1 1 1 1 1 1
0005 2665986.437.root 1 1 1 1 1 1
0005 2665986.438.root 1 1 1 1 1 1
0005 2665986.439.root 1 1 1 1 1 1
0005 2665986.440.root 1 1 1 1 1 1
0005 2665986.444.root 1 1 1 1 1 1
0005 2665986.447.root 1 1 1 1 1 1
0005 2665986.448.root 1 1 1 1 1 1
0005 2665986.449.root 1 1 1 1 1 1
0005 2665986.45.root 1 1 1 1 1 1
0005 2665986.450.root 1 1 1 1 1 1
0005 2665986.452.root 1 1 1 1 1 1
0005 2665986.455.root 1 1 1 1 1 1
0005 2665986.457.root 1 1 1 1 1 1
0005 2665986.458.root 1 1 1 1 1 1
0005 2665986.462.root 1 1 1 1 1 1
0005 2665986.463.root 1 1 1 1 1 1
0005 2665986.464.root 1 1 1 1 1 1
0005 2665986.465.root 1 1 1 1 1 1
0005 2665986.466.root 1 1 1 1 1 1
0005 2665986.467.root 1 1 1 1 1 1
0005 2665986.469.root 1 1 1 1 1 1
0005 2665986.471.root 1 1 1 1 1 1
0005 2665986.472.root 1 1 1 1 1 1
0005 2665986.473.root 1 1 1 1 1 1
0005 2665986.474.root 1 1 1 1 1 1
0005 2665986.475.root 1 1 1 1 1 1
0005 2665986.477.root 1 1 1 1 1 1
0005 2665986.478.root 1 1 1 1 1 1
0005 2665986.479.root 1 1 1 1 1 1
0005 2665986.48.root 1 1 1 1 1 1
0005 2665986.481.root 1 1 1 1 1 1
0006 2665986.482.root 1 1 1 1 1 1
0006 2665986.483.root 1 1 1 1 1 1
0006 2665986.488.root 1 1 1 1 1 1
0006 2665986.5.root 1 1 1 1 1 1
0006 2665986.501.root 1 1 1 1 1 1
0006 2665986.502.root 1 1 1 1 1 1
0006 2665986.504.root 1 1 1 1 1 1
0006 2665986.506.root 1 1 1 1 1 1
0006 2665986.507.root 1 1 1 1 1 1
0006 2665986.508.root 1 1 1 1 1 1
0006 2665986.51.root 1 1 1 1 1 1
0006 2665986.511.root 1 1 1 1 1 1
0006 2665986.514.root 1 1 1 1 1 1
0006 2665986.519.root 1 1 1 1 1 1
0006 2665986.531.root 1 1 1 1 1 1
0006 2665986.534.root 1 1 1 1 1 1
0006 2665986.535.root 1 1 1 1 1 1
0006 2665986.539.root 1 1 1 1 1 1
0006 2665986.54.root 1 1 1 1 1 1
0006 2665986.540.root 1 1 1 1 1 1
0006 2665986.541.root 1 1 1 1 1 1
0006 2665986.543.root 1 1 1 1 1 1
0006 2665986.544.root 1 1 1 1 1 1
0006 2665986.546.root 1 1 1 1 1 1
0006 2665986.547.root 1 1 1 1 1 1
0006 2665986.548.root 1 1 1 1 1 1
0006 2665986.549.root 1 1 1 1 1 1
0006 2665986.55.root 1 1 1 1 1 1
0006 2665986.553.root 1 1 1 1 1 1
0006 2665986.558.root 1 1 1 1 1 1
0006 2665986.56.root 1 1 1 1 1 1
0006 2665986.563.root 1 1 1 1 1 1
0006 2665986.564.root 1 1 1 1 1 1
0006 2665986.565.root 1 1 1 1 1 1
0006 2665986.566.root 1 1 1 1 1 1
0006 2665986.6.root 1 1 1 1 1 1
0006 2665986.606.root 1 1 1 1 1 1
0006 2665986.608.root 1 1 1 1 1 1
0006 2665986.609.root 1 1 1 1 1 1
0006 2665986.610.root 1 1 1 1 1 1
0007 2665986.612.root 1 1 1 1 1 1
0007 2665986.613.root 1 1 1 1 1 1
0007 2665986.614.root 1 1 1 1 1 1
0007 2665986.615.root 1 1 1 1 1 1
0007 2665986.616.root 1 1 1 1 1 1
0007 2665986.617.root 1 1 1 1 1 1
0007 2665986.618.root 1 1 1 1 1 1
0007 2665986.620.root 1 1 1 1 1 1
0007 2665986.621.root 1 1 1 1 1 1
0007 2665986.622.root 1 1 1 1 1 1
0007 2665986.623.root 1 1 1 1 1 1
0007 2665986.625.root 1 1 1 1 1 1
0007 2665986.627.root 1 1 1 1 1 1
0007 2665986.629.root 1 1 1 1 1 1
0007 2665986.630.root 1 1 1 1 1 1
0007 2665986.631.root 1 1 1 1 1 1
0007 2665986.632.root 1 1 1 1 1 1
0007 2665986.633.root 1 1 1 1 1 1
0007 2665986.634.root 1 1 1 1 1 1
0007 2665986.635.root 1 1 1 1 1 1
0007 2665986.636.root 1 1 1 1 1 1
0007 2665986.637.root 1 1 1 1 1 1
0007 2665986.638.root 1 1 1 1 1 1
0007 2665986.64.root 1 1 1 1 1 1
0007 2665986.640.root 1 1 1 1 1 1
0007 2665986.641.root 1 1 1 1 1 1
0007 2665986.643.root 1 1 1 1 1 1
0007 2665986.646.root 1 1 1 1 1 1
0007 2665986.649.root 1 1 1 1 1 1
0007 2665986.65.root 1 1 1 1 1 1
0007 2665986.650.root 1 1 1 1 1 1
0007 2665986.659.root 1 1 1 1 1 1
0007 2665986.660.root 1 1 1 1 1 1
0007 2665986.661.root 1 1 1 1 1 1
0007 2665986.662.root 1 1 1 1 1 1
0007 2665986.663.root 1 1 1 1 1 1
0007 2665986.668.root 1 1 1 1 1 1
0007 2665986.669.root 1 1 1 1 1 1
0007 2665986.670.root 1 1 1 1 1 1
0007 2665986.675.root 1 1 1 1 1 1
0008 2665986.683.root 1 1 1 1 1 1
0008 2665986.684.root 1 1 1 1 1 1
0008 2665986.69.root 1 1 1 1 1 1
0008 2665986.690.root 1 1 1 1 1 1
0008 2665986.691.root 1 1 1 1 1 1
0008 2665986.692.root 1 1 1 1 1 1
0008 2665986.693.root 1 1 1 1 1 1
0008 2665986.694.root 1 1 1 1 1 1
0008 2665986.699.root 1 1 1 1 1 1
0008 2665986.70.root 1 1 1 1 1 1
0008 2665986.701.root 1 1 1 1 1 1
0008 2665986.702.root 1 1 1 1 1 1
0008 2665986.703.root 1 1 1 1 1 1
0008 2665986.704.root 1 1 1 1 1 1
0008 2665986.705.root 1 1 1 1 1 1
0008 2665986.706.root 1 1 1 1 1 1
0008 2665986.707.root 1 1 1 1 1 1
0008 2665986.708.root 1 1 1 1 1 1
0008 2665986.709.root 1 1 1 1 1 1
0008 2665986.710.root 1 1 1 1 1 1
0008 2665986.712.root 1 1 1 1 1 1
0008 2665986.713.root 1 1 1 1 1 1
0008 2665986.714.root 1 1 1 1 1 1
0008 2665986.716.root 1 1 1 1 1 1
0008 2665986.717.root 1 1 1 1 1 1
0008 2665986.718.root 1 1 1 1 1 1
0008 2665986.719.root 1 1 1 1 1 1
0008 2665986.720.root 1 1 1 1 1 1
0008 2665986.721.root 1 1 1 1 1 1
0008 2665986.722.root 1 1 1 1 1 1
0008 2665986.723.root 1 1 1 1 1 1
0008 2665986.725.root 1 1 1 1 1 1
0008 2665986.726.root 1 1 1 1 1 1
0008 2665986.727.root 1 1 1 1 1 1
0008 2665986.728.root 1 1 1 1 1 1
0008 2665986.729.root 1 1 1 1 1 1
0008 2665986.73.root 1 1 1 1 1 1
0008 2665986.730.root 1 1 1 1 1 1
0008 2665986.731.root 1 1 1 1 1 1
0008 2665986.732.root 1 1 1 1 1 1
0009 2665986.734.root 1 1 1 1 1 1
0009 2665986.735.root 1 1 1 1 1 1
0009 2665986.736.root 1 1 1 1 1 1
0009 2665986.737.root 1 1 1 1 1 1
0009 2665986.739.root 1 1 1 1 1 1
0009 2665986.74.root 1 1 1 1 1 1
0009 2665986.741.root 1 1 1 1 1 1
0009 2665986.742.root 1 1 1 1 1 1
0009 2665986.743.root 1 1 1 1 1 1
0009 2665986.744.root 1 1 1 1 1 1
0009 2665986.746.root 1 1 1 1 1 1
0009 2665986.747.root 1 1 1 1 1 1
0009 2665986.750.root 1 1 1 1 1 1
0009 2665986.752.root 1 1 1 1 1 1
0009 2665986.753.root 1 1 1 1 1 1
0009 2665986.754.root 1 1 1 1 1 1
0009 2665986.756.root 1 1 1 1 1 1
0009 2665986.757.root 1 1 1 1 1 1
0009 2665986.758.root 1 1 1 1 1 1
0009 2665986.759.root 1 1 1 1 1 1
0009 2665986.76.root 1 1 1 1 1 1
0009 2665986.760.root 1 1 1 1 1 1
0009 2665986.762.root 1 1 1 1 1 1
0009 2665986.763.root 1 1 1 1 1 1
0009 2665986.764.root 1 1 1 1 1 1
0009 2665986.767.root 1 1 1 1 1 1
0009 2665986.768.root 1 1 1 1 1 1
0009 2665986.769.root 1 1 1 1 1 1
0009 2665986.770.root 1 1 1 1 1 1
0009 2665986.772.root 1 1 1 1 1 1
0009 2665986.774.root 1 1 1 1 1 1
0009 2665986.775.root 1 1 1 1 1 1
0009 2665986.776.root 1 1 1 1 1 1
0009 2665986.778.root 1 1 1 1 1 1
0009 2665986.779.root 1 1 1 1 1 1
0009 2665986.780.root 1 1 1 1 1 1
0009 2665986.781.root 1 1 1 1 1 1
0009 2665986.782.root 1 1 1 1 1 1
0009 2665986.783.root 1 1 1 1 1 1
0009 2665986.784.root 1 1 1 1 1 1
0010 2665986.786.root 1 1 1 1 1 1
0010 2665986.787.root 1 1 1 1 1 1
0010 2665986.788.root 1 1 1 1 1 1
0010 2665986.790.root 1 1 1 1 1 1
0010 2665986.792.root 1 1 1 1 1 1
0010 2665986.793.root 1 1 1 1 1 1
0010 2665986.794.root 1 1 1 1 1 1
0010 2665986.795.root 1 1 1 1 1 1
0010 2665986.796.root 1 1 1 1 1 1
0010 2665986.797.root 1 1 1 1 1 1
0010 2665986.798.root 1 1 1 1 1 1
0010 2665986.800.root 1 1 1 1 1 1
0010 2665986.801.root 1 1 1 1 1 1
0010 2665986.802.root 1 1 1 1 1 1
0010 2665986.803.root 1 1 1 1 1 1
0010 2665986.804.root 1 1 1 1 1 1
0010 2665986.805.root 1 1 1 1 1 1
0010 2665986.806.root 1 1 1 1 1 1
0010 2665986.807.root 1 1 1 1 1 1
0010 2665986.808.root 1 1 1 1 1 1
0010 2665986.809.root 1 1 1 1 1 1
0010 2665986.810.root 1 1 1 1 1 1
0010 2665986.811.root 1 1 1 1 1 1
0010 2665986.812.root 1 1 1 1 1 1
0010 2665986.813.root 1 1 1 1 1 1
0010 2665986.814.root 1 1 1 1 1 1
0010 2665986.815.root 1 1 1 1 1 1
0010 2665986.816.root 1 1 1 1 1 1
0010 2665986.817.root 1 1 1 1 1 1
0010 2665986.818.root 1 1 1 1 1 1
0010 2665986.819.root 1 1 1 1 1 1
0010 2665986.820.root 1 1 1 1 1 1
0010 2665986.821.root 1 1 1 1 1 1
0010 2665986.822.root 1 1 1 1 1 1
0010 2665986.823.root 1 1 1 1 1 1
0010 2665986.824.root 1 1 1 1 1 1
0010 2665986.825.root 1 1 1 1 1 1
0010 2665986.826.root 1 1 1 1 1 1
0010 2665986.827.root 1 1 1 1 1 1
0010 2665986.828.root 1 1 1 1 1 1
0011 2665986.829.root 1 1 1 1 1 1
0011 2665986.83.root 1 1 1 1 1 1
0011 2665986.830.root 1 1 1 1 1 1
0011 2665986.831.root 1 1 1 1 1 1
0011 2665986.832.root 1 1 1 1 1 1
0011 2665986.834.root 1 1 1 1 1 1
0011 2665986.835.root 1 1 1 1 1 1
0011 2665986.836.root 1 1 1 1 1 1
0011 2665986.837.root 1 1 1 1 1 1
0011 2665986.840.root 1 1 1 1 1 1
0011 2665986.841.root 1 1 1 1 1 1
0011 2665986.842.root 1 1 1 1 1 1
0011 2665986.843.root 1 1 1 1 1 1
0011 2665986.845.root 1 1 1 1 1 1
0011 2665986.846.root 1 1 1 1 1 1
0011 2665986.847.root 1 1 1 1 1 1
0011 2665986.848.root 1 1 1 1 1 1
0011 2665986.849.root 1 1 1 1 1 1
0011 2665986.850.root 1 1 1 1 1 1
0011 2665986.851.root 1 1 1 1 1 1
0011 2665986.854.root 1 1 1 1 1 1
0011 2665986.855.root 1 1 1 1 1 1
0011 2665986.856.root 1 1 1 1 1 1
0011 2665986.858.root 1 1 1 1 1 1
0011 2665986.859.root 1 1 1 1 1 1
0011 2665986.86.root 1 1 1 1 1 1
0011 2665986.860.root 1 1 1 1 1 1
0011 2665986.861.root 1 1 1 1 1 1
0011 2665986.862.root 1 1 1 1 1 1
0011 2665986.864.root 1 1 1 1 1 1
0011 2665986.865.root 1 1 1 1 1 1
0011 2665986.866.root 1 1 1 1 1 1
0011 2665986.867.root 1 1 1 1 1 1
0011 2665986.868.root 1 1 1 1 1 1
0011 2665986.869.root 1 1 1 1 1 1
0011 2665986.870.root 1 1 1 1 1 1
0011 2665986.871.root 1 1 1 1 1 1
0011 2665986.872.root 1 1 1 1 1 1
0011 2665986.873.root 1 1 1 1 1 1
0011 2665986.874.root 1 1 1 1 1 1
0012 2665986.875.root 1 1 1 1 1 1
0012 2665986.878.root 1 1 1 1 1 1
0012 2665986.879.root 1 1 1 1 1 1
0012 2665986.88.root 1 1 1 1 1 1
0012 2665986.881.root 1 1 1 1 1 1
0012 2665986.882.root 1 1 1 1 1 1
0012 2665986.884.root 1 1 1 1 1 1
0012 2665986.885.root 1 1 1 1 1 1
0012 2665986.887.root 1 1 1 1 1 1
0012 2665986.888.root 1 1 1 1 1 1
0012 2665986.890.root 1 1 1 1 1 1
0012 2665986.891.root 1 1 1 1 1 1
0012 2665986.892.root 1 1 1 1 1 1
0012 2665986.893.root 1 1 1 1 1 1
0012 2665986.894.root 1 1 1 1 1 1
0012 2665986.895.root 1 1 1 1 1 1
0012 2665986.897.root 1 1 1 1 1 1
0012 2665986.898.root 1 1 1 1 1 1
0012 2665986.899.root 1 1 1 1 1 1
0012 2665986.900.root 1 1 1 1 1 1
0012 2665986.901.root 1 1 1 1 1 1
0012 2665986.902.root 1 1 1 1 1 1
0012 2665986.903.root 1 1 1 1 1 1
0012 2665986.904.root 1 1 1 1 1 1
0012 2665986.905.root 1 1 1 1 1 1
0012 2665986.906.root 1 1 1 1 1 1
0012 2665986.907.root 1 1 1 1 1 1
0012 2665986.908.root 1 1 1 1 1 1
0012 2665986.909.root 1 1 1 1 1 1
0012 2665986.911.root 1 1 1 1 1 1
0012 2665986.912.root 1 1 1 1 1 1
0012 2665986.913.root 1 1 1 1 1 1
0012 2665986.914.root 1 1 1 1 1 1
0012 2665986.915.root 1 1 1 1 1 1
0012 2665986.916.root 1 1 1 1 1 1
0012 2665986.917.root 1 1 1 1 1 1
0012 2665986.918.root 1 1 1 1 1 1
0012 2665986.919.root 1 1 1 1 1 1
0012 2665986.920.root 1 1 1 1 1 1
0012 2665986.921.root 1 1 1 1 1 1
0013 2665986.922.root 1 1 1 1 1 1
0013 2665986.923.root 1 1 1 1 1 1
0013 2665986.924.root 1 1 1 1 1 1
0013 2665986.925.root 1 1 1 1 1 1
0013 2665986.926.root 1 1 1 1 1 1
0013 2665986.927.root 1 1 1 1 1 1
0013 2665986.928.root 1 1 1 1 1 1
0013 2665986.931.root 1 1 1 1 1 1
0013 2665986.932.root 1 1 1 1 1 1
0013 2665986.933.root 1 1 1 1 1 1
0013 2665986.934.root 1 1 1 1 1 1
0013 2665986.935.root 1 1 1 1 1 1
0013 2665986.936.root 1 1 1 1 1 1
0013 2665986.937.root 1 1 1 1 1 1
0013 2665986.938.root 1 1 1 1 1 1
0013 2665986.939.root 1 1 1 1 1 1
0013 2665986.941.root 1 1 1 1 1 1
0013 2665986.943.root 1 1 1 1 1 1
0013 2665986.944.root 1 1 1 1 1 1
0013 2665986.946.root 1 1 1 1 1 1
0013 2665986.947.root 1 1 1 1 1 1
0013 2665986.948.root 1 1 1 1 1 1
0013 2665986.949.root 1 1 1 1 1 1
0013 2665986.950.root 1 1 1 1 1 1
0013 2665986.951.root 1 1 1 1 1 1
0013 2665986.952.root 1 1 1 1 1 1
0013 2665986.953.root 1 1 1 1 1 1
0013 2665986.955.root 1 1 1 1 1 1
0013 2665986.956.root 1 1 1 1 1 1
0013 2665986.957.root 1 1 1 1 1 1
0013 2665986.958.root 1 1 1 1 1 1
0013 2665986.959.root 1 1 1 1 1 1
0013 2665986.960.root 1 1 1 1 1 1
0013 2665986.961.root 1 1 1 1 1 1
0013 2665986.962.root 1 1 1 1 1 1
0013 2665986.963.root 1 1 1 1 1 1
0013 2665986.964.root 1 1 1 1 1 1
0013 2665986.966.root 1 1 1 1 1 1
0013 2665986.967.root 1 1 1 1 1 1
0013 2665986.968.root 1 1 1 1 1 1
0014 2665986.969.root 1 1 1 1 1 1
0014 2665986.97.root 1 1 1 1 1 1
0014 2665986.970.root 1 1 1 1 1 1
0014 2665986.971.root 1 1 1 1 1 1
0014 2665986.972.root 1 1 1 1 1 1
0014 2665986.973.root 1 1 1 1 1 1
0014 2665986.974.root 1 1 1 1 1 1
0014 2665986.975.root 1 1 1 1 1 1
0014 2665986.976.root 1 1 1 1 1 1
0014 2665986.977.root 1 1 1 1 1 1
0014 2665986.978.root 1 1 1 1 1 1
0014 2665986.979.root 1 1 1 1 1 1
0014 2665986.980.root 1 1 1 1 1 1
0014 2665986.981.root 1 1 1 1 1 1
0014 2665986.982.root 1 1 1 1 1 1
0014 2665986.983.root 1 1 1 1 1 1
0014 2665986.984.root 1 1 1 1 1 1
0014 2665986.985.root 1 1 1 1 1 1
0014 2665986.986.root 1 1 1 1 1 1
0014 2665986.987.root 1 1 1 1 1 1
0014 2665986.988.root 1 1 1 1 1 1
0014 2665986.989.root 1 1 1 1 1 1
0014 2665986.990.root 1 1 1 1 1 1
0014 2665986.991.root 1 1 1 1 1 1
0014 2665986.992.root 1 1 1 1 1 1
0014 2665986.993.root 1 1 1 1 1 1
0014 2665986.994.root 1 1 1 1 1 1
0014 2665986.995.root 1 1 1 1 1 1
0014 2665986.997.root 1 1 1 1 1 1
0014 2665986.998.root 1 1 1 1 1 1
0014 2665986.999.root 1 1 1 1 1 1
0014 2665987.1.root 1 1 1 1 1 1
0014 2665987.10.root 1 1 1 1 1 1
0014 2665987.100.root 1 1 1 1 1 1
0014 2665987.101.root 1 1 1 1 1 1
0014 2665987.102.root 1 1 1 1 1 1
0014 2665987.103.root 1 1 1 1 1 1
0014 2665987.104.root 1 1 1 1 1 1
0014 2665987.105.root 1 1 1 1 1 1
0014 2665987.106.root 1 1 1 1 1 1
0015 2665987.107.root 1 1 1 1 1 1
0015 2665987.108.root 1 1 1 1 1 1
0015 2665987.109.root 1 1 1 1 1 1
0015 2665987.11.root 1 1 1 1 1 1
0015 2665987.110.root 1 1 1 1 1 1
0015 2665987.111.root 1 1 1 1 1 1
0015 2665987.112.root 1 1 1 1 1 1
0015 2665987.113.root 1 1 1 1 1 1
0015 2665987.115.root 1 1 1 1 1 1
0015 2665987.117.root 1 1 1 1 1 1
0015 2665987.118.root 1 1 1 1 1 1
0015 2665987.119.root 1 1 1 1 1 1
0015 2665987.12.root 1 1 1 1 1 1
0015 2665987.120.root 1 1 1 1 1 1
0015 2665987.121.root 1 1 1 1 1 1
0015 2665987.122.root 1 1 1 1 1 1
0015 2665987.124.root 1 1 1 1 1 1
0015 2665987.125.root 1 1 1 1 1 1
0015 2665987.126.root 1 1 1 1 1 1
0015 2665987.127.root 1 1 1 1 1 1
0015 2665987.129.root 1 1 1 1 1 1
0015 2665987.13.root 1 1 1 1 1 1
0015 2665987.131.root 1 1 1 1 1 1
0015 2665987.132.root 1 1 1 1 1 1
0015 2665987.134.root 1 1 1 1 1 1
0015 2665987.135.root 1 1 1 1 1 1
0015 2665987.137.root 1 1 1 1 1 1
0015 2665987.138.root 1 1 1 1 1 1
0015 2665987.139.root 1 1 1 1 1 1
0015 2665987.14.root 1 1 1 1 1 1
0015 2665987.141.root 1 1 1 1 1 1
0015 2665987.142.root 1 1 1 1 1 1
0015 2665987.143.root 1 1 1 1 1 1
0015 2665987.144.root 1 1 1 1 1 1
0015 2665987.145.root 1 1 1 1 1 1
0015 2665987.146.root 1 1 1 1 1 1
0015 2665987.147.root 1 1 1 1 1 1
0015 2665987.148.root 1 1 1 1 1 1
0015 2665987.149.root 1 1 1 1 1 1
0015 2665987.15.root 1 1 1 1 1 1
0016 2665987.151.root 1 1 1 1 1 1
0016 2665987.153.root 1 1 1 1 1 1
0016 2665987.155.root 1 1 1 1 1 1
0016 2665987.156.root 1 1 1 1 1 1
0016 2665987.157.root 1 1 1 1 1 1
0016 2665987.158.root 1 1 1 1 1 1
0016 2665987.160.root 1 1 1 1 1 1
0016 2665987.161.root 1 1 1 1 1 1
0016 2665987.162.root 1 1 1 1 1 1
0016 2665987.163.root 1 1 1 1 1 1
0016 2665987.164.root 1 1 1 1 1 1
0016 2665987.165.root 1 1 1 1 1 1
0016 2665987.166.root 1 1 1 1 1 1
0016 2665987.167.root 1 1 1 1 1 1
0016 2665987.168.root 1 1 1 1 1 1
0016 2665987.17.root 1 1 1 1 1 1
0016 2665987.170.root 1 1 1 1 1 1
0016 2665987.171.root 1 1 1 1 1 1
0016 2665987.172.root 1 1 1 1 1 1
0016 2665987.173.root 1 1 1 1 1 1
0016 2665987.174.root 1 1 1 1 1 1
0016 2665987.175.root 1 1 1 1 1 1
0016 2665987.176.root 1 1 1 1 1 1
0016 2665987.177.root 1 1 1 1 1 1
0016 2665987.178.root 1 1 1 1 1 1
0016 2665987.179.root 1 1 1 1 1 1
0016 2665987.18.root 1 1 1 1 1 1
0016 2665987.181.root 1 1 1 1 1 1
0016 2665987.182.root 1 1 1 1 1 1
0016 2665987.183.root 1 1 1 1 1 1
0016 2665987.184.root 1 1 1 1 1 1
0016 2665987.185.root 1 1 1 1 1 1
0016 2665987.186.root 1 1 1 1 1 1
0016 2665987.187.root 1 1 1 1 1 1
0016 2665987.189.root 1 1 1 1 1 1
0016 2665987.19.root 1 1 1 1 1 1
0016 2665987.190.root 1 1 1 1 1 1
0016 2665987.191.root 1 1 1 1 1 1
0016 2665987.193.root 1 1 1 1 1 1
0016 2665987.194.root 1 1 1 1 1 1
0017 2665987.195.root 1 1 1 1 1 1
0017 2665987.196.root 1 1 1 1 1 1
0017 2665987.197.root 1 1 1 1 1 1
0017 2665987.198.root 1 1 1 1 1 1
0017 2665987.199.root 1 1 1 1 1 1
0017 2665987.2.root 1 1 1 1 1 1
0017 2665987.20.root 1 1 1 1 1 1
0017 2665987.200.root 1 1 1 1 1 1
0017 2665987.202.root 1 1 1 1 1 1
0017 2665987.203.root 1 1 1 1 1 1
0017 2665987.204.root 1 1 1 1 1 1
0017 2665987.205.root 1 1 1 1 1 1
0017 2665987.206.root 1 1 1 1 1 1
0017 2665987.207.root 1 1 1 1 1 1
0017 2665987.208.root 1 1 1 1 1 1
0017 2665987.209.root 1 1 1 1 1 1
0017 2665987.210.root 1 1 1 1 1 1
0017 2665987.211.root 1 1 1 1 1 1
0017 2665987.212.root 1 1 1 1 1 1
0017 2665987.213.root 1 1 1 1 1 1
0017 2665987.214.root 1 1 1 1 1 1
0017 2665987.215.root 1 1 1 1 1 1
0017 2665987.216.root 1 1 1 1 1 1
0017 2665987.217.root 1 1 1 1 1 1
0017 2665987.218.root 1 1 1 1 1 1
0017 2665987.219.root 1 1 1 1 1 1
0017 2665987.22.root 1 1 1 1 1 1
0017 2665987.220.root 1 1 1 1 1 1
0017 2665987.222.root 1 1 1 1 1 1
0017 2665987.223.root 1 1 1 1 1 1
0017 2665987.224.root 1 1 1 1 1 1
0017 2665987.225.root 1 1 1 1 1 1
0017 2665987.226.root 1 1 1 1 1 1
0017 2665987.227.root 1 1 1 1 1 1
0017 2665987.229.root 1 1 1 1 1 1
0017 2665987.23.root 1 1 1 1 1 1
0017 2665987.230.root 1 1 1 1 1 1
0017 2665987.231.root 1 1 1 1 1 1
0017 2665987.232.root 1 1 1 1 1 1
0017 2665987.236.root 1 1 1 1 1 1
0018 2665987.237.root 1 1 1 1 1 1
0018 2665987.239.root 1 1 1 1 1 1
0018 2665987.24.root 1 1 1 1 1 1
0018 2665987.240.root 1 1 1 1 1 1
0018 2665987.241.root 1 1 1 1 1 1
0018 2665987.242.root 1 1 1 1 1 1
0018 2665987.243.root 1 1 1 1 1 1
0018 2665987.244.root 1 1 1 1 1 1
0018 2665987.245.root 1 1 1 1 1 1
0018 2665987.246.root 1 1 1 1 1 1
0018 2665987.248.root 1 1 1 1 1 1
0018 2665987.249.root 1 1 1 1 1 1
0018 2665987.25.root 1 1 1 1 1 1
0018 2665987.250.root 1 1 1 1 1 1
0018 2665987.251.root 1 1 1 1 1 1
0018 2665987.252.root 1 1 1 1 1 1
0018 2665987.253.root 1 1 1 1 1 1
0018 2665987.255.root 1 1 1 1 1 1
0018 2665987.256.root 1 1 1 1 1 1
0018 2665987.257.root 1 1 1 1 1 1
0018 2665987.258.root 1 1 1 1 1 1
0018 2665987.259.root 1 1 1 1 1 1
0018 2665987.26.root 1 1 1 1 1 1
0018 2665987.260.root 1 1 1 1 1 1
0018 2665987.261.root 1 1 1 1 1 1
0018 2665987.262.root 1 1 1 1 1 1
0018 2665987.263.root 1 1 1 1 1 1
0018 2665987.264.root 1 1 1 1 1 1
0018 2665987.265.root 1 1 1 1 1 1
0018 2665987.266.root 1 1 1 1 1 1
0018 2665987.267.root 1 1 1 1 1 1
0018 2665987.268.root 1 1 1 1 1 1
0018 2665987.269.root 1 1 1 1 1 1
0018 2665987.27.root 1 1 1 1 1 1
0018 2665987.270.root 1 1 1 1 1 1
0018 2665987.273.root 1 1 1 1 1 1
0018 2665987.274.root 1 1 1 1 1 1
0018 2665987.275.root 1 1 1 1 1 1
0018 2665987.277.root 1 1 1 1 1 1
0018 2665987.278.root 1 1 1 1 1 1
0019 2665987.28.root 1 1 1 1 1 1
0019 2665987.280.root 1 1 1 1 1 1
0019 2665987.281.root 1 1 1 1 1 1
0019 2665987.283.root 1 1 1 1 1 1
0019 2665987.285.root 1 1 1 1 1 1
0019 2665987.286.root 1 1 1 1 1 1
0019 2665987.287.root 1 1 1 1 1 1
0019 2665987.288.root 1 1 1 1 1 1
0019 2665987.289.root 1 1 1 1 1 1
0019 2665987.29.root 1 1 1 1 1 1
0019 2665987.291.root 1 1 1 1 1 1
0019 2665987.293.root 1 1 1 1 1 1
0019 2665987.294.root 1 1 1 1 1 1
0019 2665987.295.root 1 1 1 1 1 1
0019 2665987.296.root 1 1 1 1 1 1
0019 2665987.297.root 1 1 1 1 1 1
0019 2665987.298.root 1 1 1 1 1 1
0019 2665987.299.root 1 1 1 1 1 1
0019 2665987.3.root 1 1 1 1 1 1
0019 2665987.30.root 1 1 1 1 1 1
0019 2665987.300.root 1 1 1 1 1 1
0019 2665987.303.root 1 1 1 1 1 1
0019 2665987.304.root 1 1 1 1 1 1
0019 2665987.305.root 1 1 1 1 1 1
0019 2665987.306.root 1 1 1 1 1 1
0019 2665987.307.root 1 1 1 1 1 1
0019 2665987.308.root 1 1 1 1 1 1
0019 2665987.309.root 1 1 1 1 1 1
0019 2665987.31.root 1 1 1 1 1 1
0019 2665987.310.root 1 1 1 1 1 1
0019 2665987.311.root 1 1 1 1 1 1
0019 2665987.312.root 1 1 1 1 1 1
0019 2665987.313.root 1 1 1 1 1 1
0019 2665987.314.root 1 1 1 1 1 1
0019 2665987.315.root 1 1 1 1 1 1
0019 2665987.317.root 1 1 1 1 1 1
0019 2665987.318.root 1 1 1 1 1 1
0019 2665987.319.root 1 1 1 1 1 1
0019 2665987.32.root 1 1 1 1 1 1
0019 2665987.320.root 1 1 1 1 1 1
0020 2665987.321.root 1 1 1 1 1 1
0020 2665987.322.root 1 1 1 1 1 1
0020 2665987.323.root 1 1 1 1 1 1
0020 2665987.324.root 1 1 1 1 1 1
0020 2665987.325.root 1 1 1 1 1 1
0020 2665987.326.root 1 1 1 1 1 1
0020 2665987.327.root 1 1 1 1 1 1
0020 2665987.328.root 1 1 1 1 1 1
0020 2665987.329.root 1 1 1 1 1 1
0020 2665987.33.root 1 1 1 1 1 1
0020 2665987.330.root 1 1 1 1 1 1
0020 2665987.331.root 1 1 1 1 1 1
0020 2665987.332.root 1 1 1 1 1 1
0020 2665987.334.root 1 1 1 1 1 1
0020 2665987.335.root 1 1 1 1 1 1
0020 2665987.336.root 1 1 1 1 1 1
0020 2665987.337.root 1 1 1 1 1 1
0020 2665987.339.root 1 1 1 1 1 1
0020 2665987.34.root 1 1 1 1 1 1
0020 2665987.340.root 1 1 1 1 1 1
0020 2665987.341.root 1 1 1 1 1 1
0020 2665987.344.root 1 1 1 1 1 1
0020 2665987.345.root 1 1 1 1 1 1
0020 2665987.346.root 1 1 1 1 1 1
0020 2665987.347.root 1 1 1 1 1 1
0020 2665987.349.root 1 1 1 1 1 1
0020 2665987.35.root 1 1 1 1 1 1
0020 2665987.351.root 1 1 1 1 1 1
0020 2665987.352.root 1 1 1 1 1 1
0020 2665987.353.root 1 1 1 1 1 1
0020 2665987.354.root 1 1 1 1 1 1
0020 2665987.355.root 1 1 1 1 1 1
0020 2665987.358.root 1 1 1 1 1 1
0020 2665987.359.root 1 1 1 1 1 1
0020 2665987.36.root 1 1 1 1 1 1
0020 2665987.360.root 1 1 1 1 1 1
0020 2665987.361.root 1 1 1 1 1 1
0020 2665987.362.root 1 1 1 1 1 1
0020 2665987.363.root 1 1 1 1 1 1
0020 2665987.365.root 1 1 1 1 1 1
0021 2665987.366.root 1 1 1 1 1 1
0021 2665987.367.root 1 1 1 1 1 1
0021 2665987.368.root 1 1 1 1 1 1
0021 2665987.369.root 1 1 1 1 1 1
0021 2665987.37.root 1 1 1 1 1 1
0021 2665987.370.root 1 1 1 1 1 1
0021 2665987.371.root 1 1 1 1 1 1
0021 2665987.373.root 1 1 1 1 1 1
0021 2665987.374.root 1 1 1 1 1 1
0021 2665987.375.root 1 1 1 1 1 1
0021 2665987.376.root 1 1 1 1 1 1
0021 2665987.378.root 1 1 1 1 1 1
0021 2665987.379.root 1 1 1 1 1 1
0021 2665987.38.root 1 1 1 1 1 1
0021 2665987.382.root 1 1 1 1 1 1
0021 2665987.383.root 1 1 1 1 1 1
0021 2665987.386.root 1 1 1 1 1 1
0021 2665987.387.root 1 1 1 1 1 1
0021 2665987.388.root 1 1 1 1 1 1
0021 2665987.389.root 1 1 1 1 1 1
0021 2665987.39.root 1 1 1 1 1 1
0021 2665987.390.root 1 1 1 1 1 1
0021 2665987.391.root 1 1 1 1 1 1
0021 2665987.392.root 1 1 1 1 1 1
0021 2665987.393.root 1 1 1 1 1 1
0021 2665987.394.root 1 1 1 1 1 1
0021 2665987.396.root 1 1 1 1 1 1
0021 2665987.397.root 1 1 1 1 1 1
0021 2665987.399.root 1 1 1 1 1 1
0021 2665987.40.root 1 1 1 1 1 1
0021 2665987.400.root 1 1 1 1 1 1
0021 2665987.401.root 1 1 1 1 1 1
0021 2665987.402.root 1 1 1 1 1 1
0021 2665987.403.root 1 1 1 1 1 1
0021 2665987.404.root 1 1 1 1 1 1
0021 2665987.405.root 1 1 1 1 1 1
0021 2665987.407.root 1 1 1 1 1 1
0021 2665987.408.root 1 1 1 1 1 1
0021 2665987.409.root 1 1 1 1 1 1
0021 2665987.410.root 1 1 1 1 1 1
0022 2665987.411.root 1 1 1 1 1 1
0022 2665987.414.root 1 1 1 1 1 1
0022 2665987.415.root 1 1 1 1 1 1
0022 2665987.416.root 1 1 1 1 1 1
0022 2665987.417.root 1 1 1 1 1 1
0022 2665987.418.root 1 1 1 1 1 1
0022 2665987.419.root 1 1 1 1 1 1
0022 2665987.42.root 1 1 1 1 1 1
0022 2665987.421.root 1 1 1 1 1 1
0022 2665987.422.root 1 1 1 1 1 1
0022 2665987.424.root 1 1 1 1 1 1
0022 2665987.425.root 1 1 1 1 1 1
0022 2665987.426.root 1 1 1 1 1 1
0022 2665987.427.root 1 1 1 1 1 1
0022 2665987.428.root 1 1 1 1 1 1
0022 2665987.430.root 1 1 1 1 1 1
0022 2665987.431.root 1 1 1 1 1 1
0022 2665987.432.root 1 1 1 1 1 1
0022 2665987.433.root 1 1 1 1 1 1
0022 2665987.434.root 1 1 1 1 1 1
0022 2665987.435.root 1 1 1 1 1 1
0022 2665987.436.root 1 1 1 1 1 1
0022 2665987.437.root 1 1 1 1 1 1
0022 2665987.438.root 1 1 1 1 1 1
0022 2665987.439.root 1 1 1 1 1 1
0022 2665987.44.root 1 1 1 1 1 1
0022 2665987.440.root 1 1 1 1 1 1
0022 2665987.441.root 1 1 1 1 1 1
0022 2665987.442.root 1 1 1 1 1 1
0022 2665987.443.root 1 1 1 1 1 1
0022 2665987.444.root 1 1 1 1 1 1
0022 2665987.445.root 1 1 1 1 1 1
0022 2665987.446.root 1 1 1 1 1 1
0022 2665987.447.root 1 1 1 1 1 1
0022 2665987.448.root 1 1 1 1 1 1
0022 2665987.45.root 1 1 1 1 1 1
0022 2665987.450.root 1 1 1 1 1 1
0022 2665987.451.root 1 1 1 1 1 1
0022 2665987.452.root 1 1 1 1 1 1
0022 2665987.453.root 1 1 1 1 1 1
0023 2665987.454.root 1 1 1 1 1 1
0023 2665987.455.root 1 1 1 1 1 1
0023 2665987.456.root 1 1 1 1 1 1
0023 2665987.458.root 1 1 1 1 1 1
0023 2665987.46.root 1 1 1 1 1 1
0023 2665987.460.root 1 1 1 1 1 1
0023 2665987.461.root 1 1 1 1 1 1
0023 2665987.462.root 1 1 1 1 1 1
0023 2665987.463.root 1 1 1 1 1 1
0023 2665987.464.root 1 1 1 1 1 1
0023 2665987.465.root 1 1 1 1 1 1
0023 2665987.466.root 1 1 1 1 1 1
0023 2665987.467.root 1 1 1 1 1 1
0023 2665987.468.root 1 1 1 1 1 1
0023 2665987.469.root 1 1 1 1 1 1
0023 2665987.47.root 1 1 1 1 1 1
0023 2665987.471.root 1 1 1 1 1 1
0023 2665987.472.root 1 1 1 1 1 1
0023 2665987.473.root 1 1 1 1 1 1
0023 2665987.475.root 1 1 1 1 1 1
0023 2665987.477.root 1 1 1 1 1 1
0023 2665987.478.root 1 1 1 1 1 1
0023 2665987.479.root 1 1 1 1 1 1
0023 2665987.48.root 1 1 1 1 1 1
0023 2665987.481.root 1 1 1 1 1 1
0023 2665987.482.root 1 1 1 1 1 1
0023 2665987.483.root 1 1 1 1 1 1
0023 2665987.484.root 1 1 1 1 1 1
0023 2665987.485.root 1 1 1 1 1 1
0023 2665987.487.root 1 1 1 1 1 1
0023 2665987.488.root 1 1 1 1 1 1
0023 2665987.489.root 1 1 1 1 1 1
0023 2665987.49.root 1 1 1 1 1 1
0023 2665987.490.root 1 1 1 1 1 1
0023 2665987.491.root 1 1 1 1 1 1
0023 2665987.494.root 1 1 1 1 1 1
0023 2665987.495.root 1 1 1 1 1 1
0023 2665987.497.root 1 1 1 1 1 1
0023 2665987.498.root 1 1 1 1 1 1
0023 2665987.50.root 1 1 1 1 1 1
0024 2665987.500.root 1 1 1 1 1 1
0024 2665987.501.root 1 1 1 1 1 1
0024 2665987.502.root 1 1 1 1 1 1
0024 2665987.503.root 1 1 1 1 1 1
0024 2665987.505.root 1 1 1 1 1 1
0024 2665987.506.root 1 1 1 1 1 1
0024 2665987.508.root 1 1 1 1 1 1
0024 2665987.509.root 1 1 1 1 1 1
0024 2665987.51.root 1 1 1 1 1 1
0024 2665987.511.root 1 1 1 1 1 1
0024 2665987.513.root 1 1 1 1 1 1
0024 2665987.514.root 1 1 1 1 1 1
0024 2665987.515.root 1 1 1 1 1 1
0024 2665987.517.root 1 1 1 1 1 1
0024 2665987.518.root 1 1 1 1 1 1
0024 2665987.519.root 1 1 1 1 1 1
0024 2665987.52.root 1 1 1 1 1 1
0024 2665987.520.root 1 1 1 1 1 1
0024 2665987.521.root 1 1 1 1 1 1
0024 2665987.522.root 1 1 1 1 1 1
0024 2665987.526.root 1 1 1 1 1 1
0024 2665987.528.root 1 1 1 1 1 1
0024 2665987.529.root 1 1 1 1 1 1
0024 2665987.53.root 1 1 1 1 1 1
0024 2665987.530.root 1 1 1 1 1 1
0024 2665987.531.root 1 1 1 1 1 1
0024 2665987.533.root 1 1 1 1 1 1
0024 2665987.534.root 1 1 1 1 1 1
0024 2665987.536.root 1 1 1 1 1 1
0024 2665987.538.root 1 1 1 1 1 1
0024 2665987.539.root 1 1 1 1 1 1
0024 2665987.541.root 1 1 1 1 1 1
0024 2665987.542.root 1 1 1 1 1 1
0024 2665987.543.root 1 1 1 1 1 1
0024 2665987.544.root 1 1 1 1 1 1
0024 2665987.545.root 1 1 1 1 1 1
0024 2665987.547.root 1 1 1 1 1 1
0024 2665987.548.root 1 1 1 1 1 1
0024 2665987.55.root 1 1 1 1 1 1
0024 2665987.551.root 1 1 1 1 1 1
0025 2665987.552.root 1 1 1 1 1 1
0025 2665987.553.root 1 1 1 1 1 1
0025 2665987.554.root 1 1 1 1 1 1
0025 2665987.556.root 1 1 1 1 1 1
0025 2665987.557.root 1 1 1 1 1 1
0025 2665987.558.root 1 1 1 1 1 1
0025 2665987.559.root 1 1 1 1 1 1
0025 2665987.560.root 1 1 1 1 1 1
0025 2665987.561.root 1 1 1 1 1 1
0025 2665987.562.root 1 1 1 1 1 1
0025 2665987.563.root 1 1 1 1 1 1
0025 2665987.564.root 1 1 1 1 1 1
0025 2665987.565.root 1 1 1 1 1 1
0025 2665987.566.root 1 1 1 1 1 1
0025 2665987.567.root 1 1 1 1 1 1
0025 2665987.568.root 1 1 1 1 1 1
0025 2665987.569.root 1 1 1 1 1 1
0025 2665987.570.root 1 1 1 1 1 1
0025 2665987.571.root 1 1 1 1 1 1
0025 2665987.572.root 1 1 1 1 1 1
0025 2665987.573.root 1 1 1 1 1 1
0025 2665987.574.root 1 1 1 1 1 1
0025 2665987.576.root 1 1 1 1 1 1
0025 2665987.578.root 1 1 1 1 1 1
0025 2665987.579.root 1 1 1 1 1 1
0025 2665987.580.root 1 1 1 1 1 1
0025 2665987.581.root 1 1 1 1 1 1
0025 2665987.582.root 1 1 1 1 1 1
0025 2665987.583.root 1 1 1 1 1 1
0025 2665987.585.root 1 1 1 1 1 1
0025 2665987.586.root 1 1 1 1 1 1
0025 2665987.587.root 1 1 1 1 1 1
0025 2665987.588.root 1 1 1 1 1 1
0025 2665987.589.root 1 1 1 1 1 1
0025 2665987.590.root 1 1 1 1 1 1
0025 2665987.591.root 1 1 1 1 1 1
0025 2665987.592.root 1 1 1 1 1 1
0025 2665987.593.root 1 1 1 1 1 1
0025 2665987.594.root 1 1 1 1 1 1
0025 2665987.595.root 1 1 1 1 1 1
0026 2665987.596.root 1 1 1 1 1 1
0026 2665987.597.root 1 1 1 1 1 1
0026 2665987.598.root 1 1 1 1 1 1
0026 2665987.599.root 1 1 1 1 1 1
0026 2665987.6.root 1 1 1 1 1 1
0026 2665987.600.root 1 1 1 1 1 1
0026 2665987.601.root 1 1 1 1 1 1
0026 2665987.603.root 1 1 1 1 1 1
0026 2665987.604.root 1 1 1 1 1 1
0026 2665987.605.root 1 1 1 1 1 1
0026 2665987.606.root 1 1 1 1 1 1
0026 2665987.608.root 1 1 1 1 1 1
0026 2665987.609.root 1 1 1 1 1 1
0026 2665987.610.root 1 1 1 1 1 1
0026 2665987.611.root 1 1 1 1 1 1
0026 2665987.612.root 1 1 1 1 1 1
0026 2665987.613.root 1 1 1 1 1 1
0026 2665987.614.root 1 1 1 1 1 1
0026 2665987.616.root 1 1 1 1 1 1
0026 2665987.617.root 1 1 1 1 1 1
0026 2665987.618.root 1 1 1 1 1 1
0026 2665987.619.root 1 1 1 1 1 1
0026 2665987.620.root 1 1 1 1 1 1
0026 2665987.621.root 1 1 1 1 1 1
0026 2665987.622.root 1 1 1 1 1 1
0026 2665987.623.root 1 1 1 1 1 1
0026 2665987.624.root 1 1 1 1 1 1
0026 2665987.626.root 1 1 1 1 1 1
0026 2665987.627.root 1 1 1 1 1 1
0026 2665987.628.root 1 1 1 1 1 1
0026 2665987.629.root 1 1 1 1 1 1
0026 2665987.630.root 1 1 1 1 1 1
0026 2665987.631.root 1 1 1 1 1 1
0026 2665987.632.root 1 1 1 1 1 1
0026 2665987.633.root 1 1 1 1 1 1
0026 2665987.634.root 1 1 1 1 1 1
0026 2665987.635.root 1 1 1 1 1 1
0026 2665987.639.root 1 1 1 1 1 1
0026 2665987.640.root 1 1 1 1 1 1
0026 2665987.641.root 1 1 1 1 1 1
0027 2665987.642.root 1 1 1 1 1 1
0027 2665987.643.root 1 1 1 1 1 1
0027 2665987.644.root 1 1 1 1 1 1
0027 2665987.645.root 1 1 1 1 1 1
0027 2665987.646.root 1 1 1 1 1 1
0027 2665987.647.root 1 1 1 1 1 1
0027 2665987.648.root 1 1 1 1 1 1
0027 2665987.649.root 1 1 1 1 1 1
0027 2665987.651.root 1 1 1 1 1 1
0027 2665987.652.root 1 1 1 1 1 1
0027 2665987.653.root 1 1 1 1 1 1
0027 2665987.654.root 1 1 1 1 1 1
0027 2665987.655.root 1 1 1 1 1 1
0027 2665987.656.root 1 1 1 1 1 1
0027 2665987.657.root 1 1 1 1 1 1
0027 2665987.658.root 1 1 1 1 1 1
0027 2665987.659.root 1 1 1 1 1 1
0027 2665987.66.root 1 1 1 1 1 1
0027 2665987.661.root 1 1 1 1 1 1
0027 2665987.662.root 1 1 1 1 1 1
0027 2665987.663.root 1 1 1 1 1 1
0027 2665987.664.root 1 1 1 1 1 1
0027 2665987.665.root 1 1 1 1 1 1
0027 2665987.668.root 1 1 1 1 1 1
0027 2665987.669.root 1 1 1 1 1 1
0027 2665987.67.root 1 1 1 1 1 1
0027 2665987.670.root 1 1 1 1 1 1
0027 2665987.671.root 1 1 1 1 1 1
0027 2665987.672.root 1 1 1 1 1 1
0027 2665987.673.root 1 1 1 1 1 1
0027 2665987.674.root 1 1 1 1 1 1
0027 2665987.677.root 1 1 1 1 1 1
0027 2665987.678.root 1 1 1 1 1 1
0027 2665987.679.root 1 1 1 1 1 1
0027 2665987.68.root 1 1 1 1 1 1
0027 2665987.680.root 1 1 1 1 1 1
0027 2665987.682.root 1 1 1 1 1 1
0027 2665987.683.root 1 1 1 1 1 1
0027 2665987.684.root 1 1 1 1 1 1
0027 2665987.685.root 1 1 1 1 1 1
0028 2665987.686.root 1 1 1 1 1 1
0028 2665987.687.root 1 1 1 1 1 1
0028 2665987.688.root 1 1 1 1 1 1
0028 2665987.689.root 1 1 1 1 1 1
0028 2665987.69.root 1 1 1 1 1 1
0028 2665987.690.root 1 1 1 1 1 1
0028 2665987.691.root 1 1 1 1 1 1
0028 2665987.692.root 1 1 1 1 1 1
0028 2665987.694.root 1 1 1 1 1 1
0028 2665987.695.root 1 1 1 1 1 1
0028 2665987.696.root 1 1 1 1 1 1
0028 2665987.697.root 1 1 1 1 1 1
0028 2665987.698.root 1 1 1 1 1 1
0028 2665987.699.root 1 1 1 1 1 1
0028 2665987.7.root 1 1 1 1 1 1
0028 2665987.700.root 1 1 1 1 1 1
0028 2665987.701.root 1 1 1 1 1 1
0028 2665987.702.root 1 1 1 1 1 1
0028 2665987.703.root 1 1 1 1 1 1
0028 2665987.705.root 1 1 1 1 1 1
0028 2665987.706.root 1 1 1 1 1 1
0028 2665987.708.root 1 1 1 1 1 1
0028 2665987.709.root 1 1 1 1 1 1
0028 2665987.71.root 1 1 1 1 1 1
0028 2665987.710.root 1 1 1 1 1 1
0028 2665987.711.root 1 1 1 1 1 1
0028 2665987.713.root 1 1 1 1 1 1
0028 2665987.714.root 1 1 1 1 1 1
0028 2665987.715.root 1 1 1 1 1 1
0028 2665987.716.root 1 1 1 1 1 1
0028 2665987.717.root 1 1 1 1 1 1
0028 2665987.718.root 1 1 1 1 1 1
0028 2665987.719.root 1 1 1 1 1 1
0028 2665987.721.root 1 1 1 1 1 1
0028 2665987.722.root 1 1 1 1 1 1
0028 2665987.723.root 1 1 1 1 1 1
0028 2665987.724.root 1 1 1 1 1 1
0028 2665987.725.root 1 1 1 1 1 1
0028 2665987.726.root 1 1 1 1 1 1
0028 2665987.727.root 1 1 1 1 1 1
0029 2665987.728.root 1 1 1 1 1 1
0029 2665987.729.root 1 1 1 1 1 1
0029 2665987.73.root 1 1 1 1 1 1
0029 2665987.730.root 1 1 1 1 1 1
0029 2665987.731.root 1 1 1 1 1 1
0029 2665987.732.root 1 1 1 1 1 1
0029 2665987.733.root 1 1 1 1 1 1
0029 2665987.734.root 1 1 1 1 1 1
0029 2665987.735.root 1 1 1 1 1 1
0029 2665987.736.root 1 1 1 1 1 1
0029 2665987.737.root 1 1 1 1 1 1
0029 2665987.738.root 1 1 1 1 1 1
0029 2665987.739.root 1 1 1 1 1 1
0029 2665987.74.root 1 1 1 1 1 1
0029 2665987.740.root 1 1 1 1 1 1
0029 2665987.741.root 1 1 1 1 1 1
0029 2665987.742.root 1 1 1 1 1 1
0029 2665987.743.root 1 1 1 1 1 1
0029 2665987.745.root 1 1 1 1 1 1
0029 2665987.746.root 1 1 1 1 1 1
0029 2665987.747.root 1 1 1 1 1 1
0029 2665987.75.root 1 1 1 1 1 1
0029 2665987.750.root 1 1 1 1 1 1
0029 2665987.751.root 1 1 1 1 1 1
0029 2665987.753.root 1 1 1 1 1 1
0029 2665987.754.root 1 1 1 1 1 1
0029 2665987.755.root 1 1 1 1 1 1
0029 2665987.756.root 1 1 1 1 1 1
0029 2665987.759.root 1 1 1 1 1 1
0029 2665987.760.root 1 1 1 1 1 1
0029 2665987.762.root 1 1 1 1 1 1
0029 2665987.763.root 1 1 1 1 1 1
0029 2665987.765.root 1 1 1 1 1 1
0029 2665987.768.root 1 1 1 1 1 1
0029 2665987.769.root 1 1 1 1 1 1
0029 2665987.77.root 1 1 1 1 1 1
0029 2665987.770.root 1 1 1 1 1 1
0029 2665987.771.root 1 1 1 1 1 1
0029 2665987.772.root 1 1 1 1 1 1
0029 2665987.774.root 1 1 1 1 1 1
0030 2665987.775.root 1 1 1 1 1 1
0030 2665987.776.root 1 1 1 1 1 1
0030 2665987.777.root 1 1 1 1 1 1
0030 2665987.778.root 1 1 1 1 1 1
0030 2665987.779.root 1 1 1 1 1 1
0030 2665987.78.root 1 1 1 1 1 1
0030 2665987.781.root 1 1 1 1 1 1
0030 2665987.783.root 1 1 1 1 1 1
0030 2665987.785.root 1 1 1 1 1 1
0030 2665987.787.root 1 1 1 1 1 1
0030 2665987.788.root 1 1 1 1 1 1
0030 2665987.789.root 1 1 1 1 1 1
0030 2665987.79.root 1 1 1 1 1 1
0030 2665987.790.root 1 1 1 1 1 1
0030 2665987.791.root 1 1 1 1 1 1
0030 2665987.792.root 1 1 1 1 1 1
0030 2665987.794.root 1 1 1 1 1 1
0030 2665987.796.root 1 1 1 1 1 1
0030 2665987.797.root 1 1 1 1 1 1
0030 2665987.8.root 1 1 1 1 1 1
0030 2665987.80.root 1 1 1 1 1 1
0030 2665987.800.root 1 1 1 1 1 1
0030 2665987.801.root 1 1 1 1 1 1
0030 2665987.802.root 1 1 1 1 1 1
0030 2665987.803.root 1 1 1 1 1 1
0030 2665987.805.root 1 1 1 1 1 1
0030 2665987.806.root 1 1 1 1 1 1
0030 2665987.808.root 1 1 1 1 1 1
0030 2665987.809.root 1 1 1 1 1 1
0030 2665987.811.root 1 1 1 1 1 1
0030 2665987.812.root 1 1 1 1 1 1
0030 2665987.813.root 1 1 1 1 1 1
0030 2665987.814.root 1 1 1 1 1 1
0030 2665987.815.root 1 1 1 1 1 1
0030 2665987.816.root 1 1 1 1 1 1
0030 2665987.817.root 1 1 1 1 1 1
0030 2665987.818.root 1 1 1 1 1 1
0030 2665987.819.root 1 1 1 1 1 1
0030 2665987.820.root 1 1 1 1 1 1
0030 2665987.821.root 1 1 1 1 1 1
0031 2665987.822.root 1 1 1 1 1 1
0031 2665987.823.root 1 1 1 1 1 1
0031 2665987.824.root 1 1 1 1 1 1
0031 2665987.825.root 1 1 1 1 1 1
0031 2665987.826.root 1 1 1 1 1 1
0031 2665987.827.root 1 1 1 1 1 1
0031 2665987.828.root 1 1 1 1 1 1
0031 2665987.829.root 1 1 1 1 1 1
0031 2665987.83.root 1 1 1 1 1 1
0031 2665987.830.root 1 1 1 1 1 1
0031 2665987.831.root 1 1 1 1 1 1
0031 2665987.832.root 1 1 1 1 1 1
0031 2665987.834.root 1 1 1 1 1 1
0031 2665987.835.root 1 1 1 1 1 1
0031 2665987.837.root 1 1 1 1 1 1
0031 2665987.838.root 1 1 1 1 1 1
0031 2665987.839.root 1 1 1 1 1 1
0031 2665987.84.root 1 1 1 1 1 1
0031 2665987.840.root 1 1 1 1 1 1
0031 2665987.841.root 1 1 1 1 1 1
0031 2665987.842.root 1 1 1 1 1 1
0031 2665987.843.root 1 1 1 1 1 1
0031 2665987.845.root 1 1 1 1 1 1
0031 2665987.846.root 1 1 1 1 1 1
0031 2665987.847.root 1 1 1 1 1 1
0031 2665987.848.root 1 1 1 1 1 1
0031 2665987.849.root 1 1 1 1 1 1
0031 2665987.85.root 1 1 1 1 1 1
0031 2665987.850.root 1 1 1 1 1 1
0031 2665987.851.root 1 1 1 1 1 1
0031 2665987.852.root 1 1 1 1 1 1
0031 2665987.853.root 1 1 1 1 1 1
0031 2665987.855.root 1 1 1 1 1 1
0031 2665987.856.root 1 1 1 1 1 1
0031 2665987.857.root 1 1 1 1 1 1
0031 2665987.858.root 1 1 1 1 1 1
0031 2665987.859.root 1 1 1 1 1 1
0031 2665987.860.root 1 1 1 1 1 1
0031 2665987.861.root 1 1 1 1 1 1
0031 2665987.862.root 1 1 1 1 1 1
0032 2665987.863.root 1 1 1 1 1 1
0032 2665987.864.root 1 1 1 1 1 1
0032 2665987.865.root 1 1 1 1 1 1
0032 2665987.867.root 1 1 1 1 1 1
0032 2665987.869.root 1 1 1 1 1 1
0032 2665987.87.root 1 1 1 1 1 1
0032 2665987.870.root 1 1 1 1 1 1
0032 2665987.871.root 1 1 1 1 1 1
0032 2665987.872.root 1 1 1 1 1 1
0032 2665987.873.root 1 1 1 1 1 1
0032 2665987.874.root 1 1 1 1 1 1
0032 2665987.875.root 1 1 1 1 1 1
0032 2665987.876.root 1 1 1 1 1 1
0032 2665987.877.root 1 1 1 1 1 1
0032 2665987.878.root 1 1 1 1 1 1
0032 2665987.879.root 1 1 1 1 1 1
0032 2665987.88.root 1 1 1 1 1 1
0032 2665987.880.root 1 1 1 1 1 1
0032 2665987.881.root 1 1 1 1 1 1
0032 2665987.882.root 1 1 1 1 1 1
0032 2665987.883.root 1 1 1 1 1 1
0032 2665987.884.root 1 1 1 1 1 1
0032 2665987.886.root 1 1 1 1 1 1
0032 2665987.887.root 1 1 1 1 1 1
0032 2665987.888.root 1 1 1 1 1 1
0032 2665987.889.root 1 1 1 1 1 1
0032 2665987.892.root 1 1 1 1 1 1
0032 2665987.893.root 1 1 1 1 1 1
0032 2665987.895.root 1 1 1 1 1 1
0032 2665987.896.root 1 1 1 1 1 1
0032 2665987.897.root 1 1 1 1 1 1
0032 2665987.898.root 1 1 1 1 1 1
0032 2665987.899.root 1 1 1 1 1 1
0032 2665987.9.root 1 1 1 1 1 1
0032 2665987.900.root 1 1 1 1 1 1
0032 2665987.901.root 1 1 1 1 1 1
0032 2665987.902.root 1 1 1 1 1 1
0032 2665987.903.root 1 1 1 1 1 1
0032 2665987.904.root 1 1 1 1 1 1
0032 2665987.906.root 1 1 1 1 1 1
0033 2665987.908.root 1 1 1 1 1 1
0033 2665987.91.root 1 1 1 1 1 1
0033 2665987.910.root 1 1 1 1 1 1
0033 2665987.911.root 1 1 1 1 1 1
0033 2665987.912.root 1 1 1 1 1 1
0033 2665987.913.root 1 1 1 1 1 1
0033 2665987.915.root 1 1 1 1 1 1
0033 2665987.916.root 1 1 1 1 1 1
0033 2665987.917.root 1 1 1 1 1 1
0033 2665987.918.root 1 1 1 1 1 1
0033 2665987.919.root 1 1 1 1 1 1
0033 2665987.92.root 1 1 1 1 1 1
0033 2665987.920.root 1 1 1 1 1 1
0033 2665987.921.root 1 1 1 1 1 1
0033 2665987.922.root 1 1 1 1 1 1
0033 2665987.923.root 1 1 1 1 1 1
0033 2665987.924.root 1 1 1 1 1 1
0033 2665987.925.root 1 1 1 1 1 1
0033 2665987.926.root 1 1 1 1 1 1
0033 2665987.927.root 1 1 1 1 1 1
0033 2665987.929.root 1 1 1 1 1 1
0033 2665987.93.root 1 1 1 1 1 1
0033 2665987.930.root 1 1 1 1 1 1
0033 2665987.931.root 1 1 1 1 1 1
0033 2665987.932.root 1 1 1 1 1 1
0033 2665987.934.root 1 1 1 1 1 1
0033 2665987.935.root 1 1 1 1 1 1
0033 2665987.936.root 1 1 1 1 1 1
0033 2665987.937.root 1 1 1 1 1 1
0033 2665987.938.root 1 1 1 1 1 1
0033 2665987.939.root 1 1 1 1 1 1
0033 2665987.94.root 1 1 1 1 1 1
0033 2665987.940.root 1 1 1 1 1 1
0033 2665987.941.root 1 1 1 1 1 1
0033 2665987.942.root 1 1 1 1 1 1
0033 2665987.943.root 1 1 1 1 1 1
0033 2665987.944.root 1 1 1 1 1 1
0033 2665987.945.root 1 1 1 1 1 1
0033 2665987.947.root 1 1 1 1 1 1
0033 2665987.949.root 1 1 1 1 1 1
0034 2665987.95.root 1 1 1 1 1 1
0034 2665987.951.root 1 1 1 1 1 1
0034 2665987.952.root 1 1 1 1 1 1
0034 2665987.953.root 1 1 1 1 1 1
0034 2665987.955.root 1 1 1 1 1 1
0034 2665987.956.root 1 1 1 1 1 1
0034 2665987.957.root 1 1 1 1 1 1
0034 2665987.959.root 1 1 1 1 1 1
0034 2665987.96.root 1 1 1 1 1 1
0034 2665987.961.root 1 1 1 1 1 1
0034 2665987.962.root 1 1 1 1 1 1
0034 2665987.963.root 1 1 1 1 1 1
0034 2665987.964.root 1 1 1 1 1 1
0034 2665987.965.root 1 1 1 1 1 1
0034 2665987.969.root 1 1 1 1 1 1
0034 2665987.970.root 1 1 1 1 1 1
0034 2665987.973.root 1 1 1 1 1 1
0034 2665987.976.root 1 1 1 1 1 1
0034 2665987.977.root 1 1 1 1 1 1
0034 2665987.978.root 1 1 1 1 1 1
0034 2665987.98.root 1 1 1 1 1 1
0034 2665987.980.root 1 1 1 1 1 1
0034 2665987.982.root 1 1 1 1 1 1
0034 2665987.983.root 1 1 1 1 1 1
0034 2665987.984.root 1 1 1 1 1 1
0034 2665987.985.root 1 1 1 1 1 1
0034 2665987.986.root 1 1 1 1 1 1
0034 2665987.987.root 1 1 1 1 1 1
0034 2665987.989.root 1 1 1 1 1 1
0034 2665987.99.root 1 1 1 1 1 1
0034 2665987.990.root 1 1 1 1 1 1
0034 2665987.991.root 1 1 1 1 1 1
0034 2665987.994.root 1 1 1 1 1 1
0034 2665987.996.root 1 1 1 1 1 1
0034 2665987.997.root 1 1 1 1 1 1
0034 2665987.998.root 1 1 1 1 1 1
0034 2665987.999.root 1 1 1 1 1 1
0034 2665989.0.root 1 1 1 1 1 1
0034 2665989.1.root 1 1 1 1 1 1
0034 2665989.10.root 1 1 1 1 1 1
0035 2665989.100.root 1 1 1 1 1 1
0035 2665989.101.root 1 1 1 1 1 1
0035 2665989.102.root 1 1 1 1 1 1
0035 2665989.103.root 1 1 1 1 1 1
0035 2665989.105.root 1 1 1 1 1 1
0035 2665989.106.root 1 1 1 1 1 1
0035 2665989.107.root 1 1 1 1 1 1
0035 2665989.109.root 1 1 1 1 1 1
0035 2665989.11.root 1 1 1 1 1 1
0035 2665989.110.root 1 1 1 1 1 1
0035 2665989.111.root 1 1 1 1 1 1
0035 2665989.114.root 1 1 1 1 1 1
0035 2665989.116.root 1 1 1 1 1 1
0035 2665989.12.root 1 1 1 1 1 1
0035 2665989.120.root 1 1 1 1 1 1
0035 2665989.122.root 1 1 1 1 1 1
0035 2665989.123.root 1 1 1 1 1 1
0035 2665989.124.root 1 1 1 1 1 1
0035 2665989.126.root 1 1 1 1 1 1
0035 2665989.127.root 1 1 1 1 1 1
0035 2665989.129.root 1 1 1 1 1 1
0035 2665989.13.root 1 1 1 1 1 1
0035 2665989.132.root 1 1 1 1 1 1
0035 2665989.133.root 1 1 1 1 1 1
0035 2665989.134.root 1 1 1 1 1 1
0035 2665989.135.root 1 1 1 1 1 1
0035 2665989.136.root 1 1 1 1 1 1
0035 2665989.137.root 1 1 1 1 1 1
0035 2665989.138.root 1 1 1 1 1 1
0035 2665989.139.root 1 1 1 1 1 1
0035 2665989.14.root 1 1 1 1 1 1
0035 2665989.140.root 1 1 1 1 1 1
0035 2665989.141.root 1 1 1 1 1 1
0035 2665989.142.root 1 1 1 1 1 1
0035 2665989.143.root 1 1 1 1 1 1
0035 2665989.144.root 1 1 1 1 1 1
0035 2665989.145.root 1 1 1 1 1 1
0035 2665989.146.root 1 1 1 1 1 1
0035 2665989.148.root 1 1 1 1 1 1
0035 2665989.149.root 1 1 1 1 1 1
0036 2665989.15.root 1 1 1 1 1 1
0036 2665989.150.root 1 1 1 1 1 1
0036 2665989.151.root 1 1 1 1 1 1
0036 2665989.153.root 1 1 1 1 1 1
0036 2665989.154.root 1 1 1 1 1 1
0036 2665989.155.root 1 1 1 1 1 1
0036 2665989.156.root 1 1 1 1 1 1
0036 2665989.158.root 1 1 1 1 1 1
0036 2665989.159.root 1 1 1 1 1 1
0036 2665989.16.root 1 1 1 1 1 1
0036 2665989.160.root 1 1 1 1 1 1
0036 2665989.166.root 1 1 1 1 1 1
0036 2665989.167.root 1 1 1 1 1 1
0036 2665989.168.root 1 1 1 1 1 1
0036 2665989.17.root 1 1 1 1 1 1
0036 2665989.170.root 1 1 1 1 1 1
0036 2665989.171.root 1 1 1 1 1 1
0036 2665989.172.root 1 1 1 1 1 1
0036 2665989.173.root 1 1 1 1 1 1
0036 2665989.174.root 1 1 1 1 1 1
0036 2665989.175.root 1 1 1 1 1 1
0036 2665989.177.root 1 1 1 1 1 1
0036 2665989.178.root 1 1 1 1 1 1
0036 2665989.183.root 1 1 1 1 1 1
0036 2665989.184.root 1 1 1 1 1 1
0036 2665989.186.root 1 1 1 1 1 1
0036 2665989.188.root 1 1 1 1 1 1
0036 2665989.189.root 1 1 1 1 1 1
0036 2665989.19.root 1 1 1 1 1 1
0036 2665989.190.root 1 1 1 1 1 1
0036 2665989.191.root 1 1 1 1 1 1
0036 2665989.192.root 1 1 1 1 1 1
0036 2665989.195.root 1 1 1 1 1 1
0036 2665989.196.root 1 1 1 1 1 1
0036 2665989.197.root 1 1 1 1 1 1
0036 2665989.198.root 1 1 1 1 1 1
0036 2665989.199.root 1 1 1 1 1 1
0036 2665989.2.root 1 1 1 1 1 1
0036 2665989.20.root 1 1 1 1 1 1
0036 2665989.201.root 1 1 1 1 1 1
0037 2665989.203.root 1 1 1 1 1 1
0037 2665989.204.root 1 1 1 1 1 1
0037 2665989.205.root 1 1 1 1 1 1
0037 2665989.209.root 1 1 1 1 1 1
0037 2665989.21.root 1 1 1 1 1 1
0037 2665989.212.root 1 1 1 1 1 1
0037 2665989.215.root 1 1 1 1 1 1
0037 2665989.216.root 1 1 1 1 1 1
0037 2665989.217.root 1 1 1 1 1 1
0037 2665989.219.root 1 1 1 1 1 1
0037 2665989.22.root 1 1 1 1 1 1
0037 2665989.220.root 1 1 1 1 1 1
0037 2665989.223.root 1 1 1 1 1 1
0037 2665989.224.root 1 1 1 1 1 1
0037 2665989.225.root 1 1 1 1 1 1
0037 2665989.226.root 1 1 1 1 1 1
0037 2665989.228.root 1 1 1 1 1 1
0037 2665989.229.root 1 1 1 1 1 1
0037 2665989.23.root 1 1 1 1 1 1
0037 2665989.231.root 1 1 1 1 1 1
0037 2665989.233.root 1 1 1 1 1 1
0037 2665989.237.root 1 1 1 1 1 1
0037 2665989.238.root 1 1 1 1 1 1
0037 2665989.239.root 1 1 1 1 1 1
0037 2665989.241.root 1 1 1 1 1 1
0037 2665989.243.root 1 1 1 1 1 1
0037 2665989.244.root 1 1 1 1 1 1
0037 2665989.246.root 1 1 1 1 1 1
0037 2665989.248.root 1 1 1 1 1 1
0037 2665989.25.root 1 1 1 1 1 1
0037 2665989.250.root 1 1 1 1 1 1
0037 2665989.251.root 1 1 1 1 1 1
0037 2665989.253.root 1 1 1 1 1 1
0037 2665989.254.root 1 1 1 1 1 1
0037 2665989.256.root 1 1 1 1 1 1
0037 2665989.258.root 1 1 1 1 1 1
0037 2665989.26.root 1 1 1 1 1 1
0037 2665989.261.root 1 1 1 1 1 1
0037 2665989.262.root 1 1 1 1 1 1
0037 2665989.264.root 1 1 1 1 1 1
0038 2665989.265.root 1 1 1 1 1 1
0038 2665989.268.root 1 1 1 1 1 1
0038 2665989.27.root 1 1 1 1 1 1
0038 2665989.270.root 1 1 1 1 1 1
0038 2665989.275.root 1 1 1 1 1 1
0038 2665989.276.root 1 1 1 1 1 1
0038 2665989.278.root 1 1 1 1 1 1
0038 2665989.279.root 1 1 1 1 1 1
0038 2665989.28.root 1 1 1 1 1 1
0038 2665989.280.root 1 1 1 1 1 1
0038 2665989.282.root 1 1 1 1 1 1
0038 2665989.283.root 1 1 1 1 1 1
0038 2665989.284.root 1 1 1 1 1 1
0038 2665989.287.root 1 1 1 1 1 1
0038 2665989.29.root 1 1 1 1 1 1
0038 2665989.290.root 1 1 1 1 1 1
0038 2665989.291.root 1 1 1 1 1 1
0038 2665989.292.root 1 1 1 1 1 1
0038 2665989.294.root 1 1 1 1 1 1
0038 2665989.295.root 1 1 1 1 1 1
0038 2665989.296.root 1 1 1 1 1 1
0038 2665989.297.root 1 1 1 1 1 1
0038 2665989.3.root 1 1 1 1 1 1
0038 2665989.30.root 1 1 1 1 1 1
0038 2665989.304.root 1 1 1 1 1 1
0038 2665989.305.root 1 1 1 1 1 1
0038 2665989.306.root 1 1 1 1 1 1
0038 2665989.309.root 1 1 1 1 1 1
0038 2665989.31.root 1 1 1 1 1 1
0038 2665989.310.root 1 1 1 1 1 1
0038 2665989.312.root 1 1 1 1 1 1
0038 2665989.313.root 1 1 1 1 1 1
0038 2665989.314.root 1 1 1 1 1 1
0038 2665989.315.root 1 1 1 1 1 1
0038 2665989.316.root 1 1 1 1 1 1
0038 2665989.317.root 1 1 1 1 1 1
0038 2665989.32.root 1 1 1 1 1 1
0038 2665989.320.root 1 1 1 1 1 1
0038 2665989.321.root 1 1 1 1 1 1
0038 2665989.322.root 1 1 1 1 1 1
0039 2665989.323.root 1 1 1 1 1 1
0039 2665989.324.root 1 1 1 1 1 1
0039 2665989.325.root 1 1 1 1 1 1
0039 2665989.326.root 1 1 1 1 1 1
0039 2665989.328.root 1 1 1 1 1 1
0039 2665989.329.root 1 1 1 1 1 1
0039 2665989.33.root 1 1 1 1 1 1
0039 2665989.332.root 1 1 1 1 1 1
0039 2665989.333.root 1 1 1 1 1 1
0039 2665989.334.root 1 1 1 1 1 1
0039 2665989.336.root 1 1 1 1 1 1
0039 2665989.337.root 1 1 1 1 1 1
0039 2665989.338.root 1 1 1 1 1 1
0039 2665989.339.root 1 1 1 1 1 1
0039 2665989.34.root 1 1 1 1 1 1
0039 2665989.340.root 1 1 1 1 1 1
0039 2665989.344.root 1 1 1 1 1 1
0039 2665989.345.root 1 1 1 1 1 1
0039 2665989.346.root 1 1 1 1 1 1
0039 2665989.347.root 1 1 1 1 1 1
0039 2665989.348.root 1 1 1 1 1 1
0039 2665989.35.root 1 1 1 1 1 1
0039 2665989.350.root 1 1 1 1 1 1
0039 2665989.351.root 1 1 1 1 1 1
0039 2665989.352.root 1 1 1 1 1 1
0039 2665989.355.root 1 1 1 1 1 1
0039 2665989.356.root 1 1 1 1 1 1
0039 2665989.357.root 1 1 1 1 1 1
0039 2665989.358.root 1 1 1 1 1 1
0039 2665989.359.root 1 1 1 1 1 1
0039 2665989.36.root 1 1 1 1 1 1
0039 2665989.360.root 1 1 1 1 1 1
0039 2665989.362.root 1 1 1 1 1 1
0039 2665989.364.root 1 1 1 1 1 1
0039 2665989.365.root 1 1 1 1 1 1
0039 2665989.366.root 1 1 1 1 1 1
0039 2665989.367.root 1 1 1 1 1 1
0039 2665989.368.root 1 1 1 1 1 1
0039 2665989.369.root 1 1 1 1 1 1
0039 2665989.37.root 1 1 1 1 1 1
0040 2665989.370.root 1 1 1 1 1 1
0040 2665989.371.root 1 1 1 1 1 1
0040 2665989.373.root 1 1 1 1 1 1
0040 2665989.377.root 1 1 1 1 1 1
0040 2665989.379.root 1 1 1 1 1 1
0040 2665989.38.root 1 1 1 1 1 1
0040 2665989.380.root 1 1 1 1 1 1
0040 2665989.381.root 1 1 1 1 1 1
0040 2665989.384.root 1 1 1 1 1 1
0040 2665989.389.root 1 1 1 1 1 1
0040 2665989.390.root 1 1 1 1 1 1
0040 2665989.391.root 1 1 1 1 1 1
0040 2665989.392.root 1 1 1 1 1 1
0040 2665989.393.root 1 1 1 1 1 1
0040 2665989.396.root 1 1 1 1 1 1
0040 2665989.4.root 1 1 1 1 1 1
0040 2665989.40.root 1 1 1 1 1 1
0040 2665989.400.root 1 1 1 1 1 1
0040 2665989.401.root 1 1 1 1 1 1
0040 2665989.403.root 1 1 1 1 1 1
0040 2665989.404.root 1 1 1 1 1 1
0040 2665989.405.root 1 1 1 1 1 1
0040 2665989.406.root 1 1 1 1 1 1
0040 2665989.408.root 1 1 1 1 1 1
0040 2665989.41.root 1 1 1 1 1 1
0040 2665989.414.root 1 1 1 1 1 1
0040 2665989.416.root 1 1 1 1 1 1
0040 2665989.419.root 1 1 1 1 1 1
0040 2665989.42.root 1 1 1 1 1 1
0040 2665989.420.root 1 1 1 1 1 1
0040 2665989.423.root 1 1 1 1 1 1
0040 2665989.424.root 1 1 1 1 1 1
0040 2665989.429.root 1 1 1 1 1 1
0040 2665989.432.root 1 1 1 1 1 1
0040 2665989.434.root 1 1 1 1 1 1
0040 2665989.435.root 1 1 1 1 1 1
0040 2665989.437.root 1 1 1 1 1 1
0040 2665989.438.root 1 1 1 1 1 1
0040 2665989.439.root 1 1 1 1 1 1
0040 2665989.44.root 1 1 1 1 1 1
0041 2665989.440.root 1 1 1 1 1 1
0041 2665989.441.root 1 1 1 1 1 1
0041 2665989.442.root 1 1 1 1 1 1
0041 2665989.443.root 1 1 1 1 1 1
0041 2665989.445.root 1 1 1 1 1 1
0041 2665989.446.root 1 1 1 1 1 1
0041 2665989.447.root 1 1 1 1 1 1
0041 2665989.448.root 1 1 1 1 1 1
0041 2665989.449.root 1 1 1 1 1 1
0041 2665989.45.root 1 1 1 1 1 1
0041 2665989.450.root 1 1 1 1 1 1
0041 2665989.451.root 1 1 1 1 1 1
0041 2665989.453.root 1 1 1 1 1 1
0041 2665989.457.root 1 1 1 1 1 1
0041 2665989.458.root 1 1 1 1 1 1
0041 2665989.459.root 1 1 1 1 1 1
0041 2665989.46.root 1 1 1 1 1 1
0041 2665989.460.root 1 1 1 1 1 1
0041 2665989.462.root 1 1 1 1 1 1
0041 2665989.463.root 1 1 1 1 1 1
0041 2665989.467.root 1 1 1 1 1 1
0041 2665989.47.root 1 1 1 1 1 1
0041 2665989.470.root 1 1 1 1 1 1
0041 2665989.471.root 1 1 1 1 1 1
0041 2665989.48.root 1 1 1 1 1 1
0041 2665989.481.root 1 1 1 1 1 1
0041 2665989.489.root 1 1 1 1 1 1
0041 2665989.49.root 1 1 1 1 1 1
0041 2665989.491.root 1 1 1 1 1 1
0041 2665989.5.root 1 1 1 1 1 1
0041 2665989.50.root 1 1 1 1 1 1
0041 2665989.503.root 1 1 1 1 1 1
0041 2665989.505.root 1 1 1 1 1 1
0041 2665989.517.root 1 1 1 1 1 1
0041 2665989.52.root 1 1 1 1 1 1
0041 2665989.523.root 1 1 1 1 1 1
0041 2665989.528.root 1 1 1 1 1 1
0041 2665989.53.root 1 1 1 1 1 1
0041 2665989.531.root 1 1 1 1 1 1
0041 2665989.54.root 1 1 1 1 1 1
0042 2665989.544.root 1 1 1 1 1 1
0042 2665989.545.root 1 1 1 1 1 1
0042 2665989.55.root 1 1 1 1 1 1
0042 2665989.563.root 1 1 1 1 1 1
0042 2665989.564.root 1 1 1 1 1 1
0042 2665989.565.root 1 1 1 1 1 1
0042 2665989.566.root 1 1 1 1 1 1
0042 2665989.567.root 1 1 1 1 1 1
0042 2665989.57.root 1 1 1 1 1 1
0042 2665989.573.root 1 1 1 1 1 1
0042 2665989.575.root 1 1 1 1 1 1
0042 2665989.577.root 1 1 1 1 1 1
0042 2665989.578.root 1 1 1 1 1 1
0042 2665989.579.root 1 1 1 1 1 1
0042 2665989.58.root 1 1 1 1 1 1
0042 2665989.582.root 1 1 1 1 1 1
0042 2665989.583.root 1 1 1 1 1 1
0042 2665989.584.root 1 1 1 1 1 1
0042 2665989.585.root 1 1 1 1 1 1
0042 2665989.586.root 1 1 1 1 1 1
0042 2665989.587.root 1 1 1 1 1 1
0042 2665989.588.root 1 1 1 1 1 1
0042 2665989.589.root 1 1 1 1 1 1
0042 2665989.59.root 1 1 1 1 1 1
0042 2665989.590.root 1 1 1 1 1 1
0042 2665989.594.root 1 1 1 1 1 1
0042 2665989.595.root 1 1 1 1 1 1
0042 2665989.6.root 1 1 1 1 1 1
0042 2665989.609.root 1 1 1 1 1 1
0042 2665989.61.root 1 1 1 1 1 1
0042 2665989.610.root 1 1 1 1 1 1
0042 2665989.611.root 1 1 1 1 1 1
0042 2665989.614.root 1 1 1 1 1 1
0042 2665989.615.root 1 1 1 1 1 1
0042 2665989.616.root 1 1 1 1 1 1
0042 2665989.619.root 1 1 1 1 1 1
0042 2665989.62.root 1 1 1 1 1 1
0042 2665989.620.root 1 1 1 1 1 1
0042 2665989.623.root 1 1 1 1 1 1
0042 2665989.624.root 1 1 1 1 1 1
0043 2665989.625.root 1 1 1 1 1 1
0043 2665989.628.root 1 1 1 1 1 1
0043 2665989.63.root 1 1 1 1 1 1
0043 2665989.630.root 1 1 1 1 1 1
0043 2665989.631.root 1 1 1 1 1 1
0043 2665989.632.root 1 1 1 1 1 1
0043 2665989.633.root 1 1 1 1 1 1
0043 2665989.634.root 1 1 1 1 1 1
0043 2665989.636.root 1 1 1 1 1 1
0043 2665989.639.root 1 1 1 1 1 1
0043 2665989.64.root 1 1 1 1 1 1
0043 2665989.642.root 1 1 1 1 1 1
0043 2665989.644.root 1 1 1 1 1 1
0043 2665989.645.root 1 1 1 1 1 1
0043 2665989.646.root 1 1 1 1 1 1
0043 2665989.649.root 1 1 1 1 1 1
0043 2665989.65.root 1 1 1 1 1 1
0043 2665989.651.root 1 1 1 1 1 1
0043 2665989.66.root 1 1 1 1 1 1
0043 2665989.664.root 1 1 1 1 1 1
0043 2665989.666.root 1 1 1 1 1 1
0043 2665989.667.root 1 1 1 1 1 1
0043 2665989.67.root 1 1 1 1 1 1
0043 2665989.68.root 1 1 1 1 1 1
0043 2665989.681.root 1 1 1 1 1 1
0043 2665989.682.root 1 1 1 1 1 1
0043 2665989.684.root 1 1 1 1 1 1
0043 2665989.685.root 1 1 1 1 1 1
0043 2665989.686.root 1 1 1 1 1 1
0043 2665989.687.root 1 1 1 1 1 1
0043 2665989.688.root 1 1 1 1 1 1
0043 2665989.690.root 1 1 1 1 1 1
0043 2665989.691.root 1 1 1 1 1 1
0043 2665989.692.root 1 1 1 1 1 1
0043 2665989.693.root 1 1 1 1 1 1
0043 2665989.694.root 1 1 1 1 1 1
0043 2665989.695.root 1 1 1 1 1 1
0043 2665989.697.root 1 1 1 1 1 1
0043 2665989.699.root 1 1 1 1 1 1
0043 2665989.7.root 1 1 1 1 1 1
0044 2665989.70.root 1 1 1 1 1 1
0044 2665989.700.root 1 1 1 1 1 1
0044 2665989.701.root 1 1 1 1 1 1
0044 2665989.702.root 1 1 1 1 1 1
0044 2665989.703.root 1 1 1 1 1 1
0044 2665989.704.root 1 1 1 1 1 1
0044 2665989.705.root 1 1 1 1 1 1
0044 2665989.708.root 1 1 1 1 1 1
0044 2665989.709.root 1 1 1 1 1 1
0044 2665989.71.root 1 1 1 1 1 1
0044 2665989.710.root 1 1 1 1 1 1
0044 2665989.711.root 1 1 1 1 1 1
0044 2665989.712.root 1 1 1 1 1 1
0044 2665989.713.root 1 1 1 1 1 1
0044 2665989.714.root 1 1 1 1 1 1
0044 2665989.715.root 1 1 1 1 1 1
0044 2665989.716.root 1 1 1 1 1 1
0044 2665989.718.root 1 1 1 1 1 1
0044 2665989.719.root 1 1 1 1 1 1
0044 2665989.72.root 1 1 1 1 1 1
0044 2665989.73.root 1 1 1 1 1 1
0044 2665989.732.root 1 1 1 1 1 1
0044 2665989.733.root 1 1 1 1 1 1
0044 2665989.734.root 1 1 1 1 1 1
0044 2665989.74.root 1 1 1 1 1 1
0044 2665989.745.root 1 1 1 1 1 1
0044 2665989.746.root 1 1 1 1 1 1
0044 2665989.75.root 1 1 1 1 1 1
0044 2665989.76.root 1 1 1 1 1 1
0044 2665989.765.root 1 1 1 1 1 1
0044 2665989.766.root 1 1 1 1 1 1
0044 2665989.767.root 1 1 1 1 1 1
0044 2665989.768.root 1 1 1 1 1 1
0044 2665989.769.root 1 1 1 1 1 1
0044 2665989.770.root 1 1 1 1 1 1
0044 2665989.771.root 1 1 1 1 1 1
0044 2665989.772.root 1 1 1 1 1 1
0044 2665989.774.root 1 1 1 1 1 1
0044 2665989.775.root 1 1 1 1 1 1
0044 2665989.777.root 1 1 1 1 1 1
0045 2665989.778.root 1 1 1 1 1 1
0045 2665989.779.root 1 1 1 1 1 1
0045 2665989.78.root 1 1 1 1 1 1
0045 2665989.780.root 1 1 1 1 1 1
0045 2665989.781.root 1 1 1 1 1 1
0045 2665989.782.root 1 1 1 1 1 1
0045 2665989.783.root 1 1 1 1 1 1
0045 2665989.784.root 1 1 1 1 1 1
0045 2665989.785.root 1 1 1 1 1 1
0045 2665989.786.root 1 1 1 1 1 1
0045 2665989.788.root 1 1 1 1 1 1
0045 2665989.789.root 1 1 1 1 1 1
0045 2665989.79.root 1 1 1 1 1 1
0045 2665989.790.root 1 1 1 1 1 1
0045 2665989.791.root 1 1 1 1 1 1
0045 2665989.792.root 1 1 1 1 1 1
0045 2665989.793.root 1 1 1 1 1 1
0045 2665989.795.root 1 1 1 1 1 1
0045 2665989.798.root 1 1 1 1 1 1
0045 2665989.799.root 1 1 1 1 1 1
0045 2665989.8.root 1 1 1 1 1 1
0045 2665989.80.root 1 1 1 1 1 1
0045 2665989.800.root 1 1 1 1 1 1
0045 2665989.807.root 1 1 1 1 1 1
0045 2665989.81.root 1 1 1 1 1 1
0045 2665989.812.root 1 1 1 1 1 1
0045 2665989.813.root 1 1 1 1 1 1
0045 2665989.814.root 1 1 1 1 1 1
0045 2665989.815.root 1 1 1 1 1 1
0045 2665989.816.root 1 1 1 1 1 1
0045 2665989.817.root 1 1 1 1 1 1
0045 2665989.82.root 1 1 1 1 1 1
0045 2665989.83.root 1 1 1 1 1 1
0045 2665989.84.root 1 1 1 1 1 1
0045 2665989.845.root 1 1 1 1 1 1
0045 2665989.846.root 1 1 1 1 1 1
0045 2665989.847.root 1 1 1 1 1 1
0045 2665989.849.root 1 1 1 1 1 1
0045 2665989.85.root 1 1 1 1 1 1
0045 2665989.850.root 1 1 1 1 1 1
0046 2665989.852.root 1 1 1 1 1 1
0046 2665989.853.root 1 1 1 1 1 1
0046 2665989.854.root 1 1 1 1 1 1
0046 2665989.855.root 1 1 1 1 1 1
0046 2665989.856.root 1 1 1 1 1 1
0046 2665989.857.root 1 1 1 1 1 1
0046 2665989.858.root 1 1 1 1 1 1
0046 2665989.86.root 1 1 1 1 1 1
0046 2665989.861.root 1 1 1 1 1 1
0046 2665989.864.root 1 1 1 1 1 1
0046 2665989.865.root 1 1 1 1 1 1
0046 2665989.869.root 1 1 1 1 1 1
0046 2665989.87.root 1 1 1 1 1 1
0046 2665989.870.root 1 1 1 1 1 1
0046 2665989.871.root 1 1 1 1 1 1
0046 2665989.872.root 1 1 1 1 1 1
0046 2665989.873.root 1 1 1 1 1 1
0046 2665989.874.root 1 1 1 1 1 1
0046 2665989.875.root 1 1 1 1 1 1
0046 2665989.877.root 1 1 1 1 1 1
0046 2665989.88.root 1 1 1 1 1 1
0046 2665989.886.root 1 1 1 1 1 1
0046 2665989.887.root 1 1 1 1 1 1
0046 2665989.888.root 1 1 1 1 1 1
0046 2665989.89.root 1 1 1 1 1 1
0046 2665989.890.root 1 1 1 1 1 1
0046 2665989.896.root 1 1 1 1 1 1
0046 2665989.899.root 1 1 1 1 1 1
0046 2665989.9.root 1 1 1 1 1 1
0046 2665989.90.root 1 1 1 1 1 1
0046 2665989.900.root 1 1 1 1 1 1
0046 2665989.901.root 1 1 1 1 1 1
0046 2665989.902.root 1 1 1 1 1 1
0046 2665989.903.root 1 1 1 1 1 1
0046 2665989.904.root 1 1 1 1 1 1
0046 2665989.905.root 1 1 1 1 1 1
0046 2665989.906.root 1 1 1 1 1 1
0046 2665989.91.root 1 1 1 1 1 1
0046 2665989.911.root 1 1 1 1 1 1
0046 2665989.913.root 1 1 1 1 1 1
0047 2665989.916.root 1 1 1 1 1 1
0047 2665989.917.root 1 1 1 1 1 1
0047 2665989.919.root 1 1 1 1 1 1
0047 2665989.920.root 1 1 1 1 1 1
0047 2665989.921.root 1 1 1 1 1 1
0047 2665989.922.root 1 1 1 1 1 1
0047 2665989.923.root 1 1 1 1 1 1
0047 2665989.926.root 1 1 1 1 1 1
0047 2665989.928.root 1 1 1 1 1 1
0047 2665989.93.root 1 1 1 1 1 1
0047 2665989.931.root 1 1 1 1 1 1
0047 2665989.94.root 1 1 1 1 1 1
0047 2665989.940.root 1 1 1 1 1 1
0047 2665989.941.root 1 1 1 1 1 1
0047 2665989.942.root 1 1 1 1 1 1
0047 2665989.945.root 1 1 1 1 1 1
0047 2665989.946.root 1 1 1 1 1 1
0047 2665989.947.root 1 1 1 1 1 1
0047 2665989.949.root 1 1 1 1 1 1
0047 2665989.95.root 1 1 1 1 1 1
0047 2665989.951.root 1 1 1 1 1 1
0047 2665989.958.root 1 1 1 1 1 1
0047 2665989.96.root 1 1 1 1 1 1
0047 2665989.965.root 1 1 1 1 1 1
0047 2665989.97.root 1 1 1 1 1 1
0047 2665989.981.root 1 1 1 1 1 1
0047 2665989.982.root 1 1 1 1 1 1
0047 2665989.988.root 1 1 1 1 1 1
0047 2665989.989.root 1 1 1 1 1 1
0047 2665989.99.root 1 1 1 1 1 1
0047 2665989.992.root 1 1 1 1 1 1
0047 2665989.993.root 1 1 1 1 1 1
0047 2665989.994.root 1 1 1 1 1 1
