0000 ggh_0.root 30000 30000 1 1 1 1
0000 ggh_1000.root 30000 30000 1 1 1 1
0000 ggh_1100.root 30000 30000 1 1 1 1
0000 ggh_1200.root 30000 30000 1 1 1 1
0000 ggh_1300.root 30000 30000 1 1 1 1
0000 ggh_1400.root 30000 30000 1 1 1 1
0000 ggh_1500.root 30000 30000 1 1 1 1
0000 ggh_1600.root 30000 30000 1 1 1 1
0000 ggh_1700.root 30000 30000 1 1 1 1
0000 ggh_1800.root 30000 30000 1 1 1 1
0001 ggh_1900.root 30000 30000 1 1 1 1
0001 ggh_200.root 30000 30000 1 1 1 1
0001 ggh_2000.root 30000 30000 1 1 1 1
0001 ggh_2100.root 30000 30000 1 1 1 1
0001 ggh_2200.root 30000 30000 1 1 1 1
0001 ggh_2300.root 30000 30000 1 1 1 1
0001 ggh_2400.root 30000 30000 1 1 1 1
0001 ggh_2500.root 30000 30000 1 1 1 1
0001 ggh_2600.root 30000 30000 1 1 1 1
0001 ggh_2700.root 30000 30000 1 1 1 1
0002 ggh_2800.root 30000 30000 1 1 1 1
0002 ggh_2900.root 30000 30000 1 1 1 1
0002 ggh_300.root 30000 30000 1 1 1 1
0002 ggh_3000.root 30000 30000 1 1 1 1
0002 ggh_3100.root 30000 30000 1 1 1 1
0002 ggh_3200.root 30000 30000 1 1 1 1
0002 ggh_3300.root 30000 30000 1 1 1 1
0002 ggh_3400.root 30000 30000 1 1 1 1
0002 ggh_3500.root 30000 30000 1 1 1 1
0002 ggh_3600.root 30000 30000 1 1 1 1
0003 ggh_3700.root 30000 30000 1 1 1 1
0003 ggh_3800.root 30000 30000 1 1 1 1
0003 ggh_3900.root 30000 30000 1 1 1 1
0003 ggh_400.root 30000 30000 1 1 1 1
0003 ggh_4000.root 30000 30000 1 1 1 1
0003 ggh_4100.root 29100 29100 1 1 1 1
0003 ggh_500.root 30000 30000 1 1 1 1
0003 ggh_600.root 30000 30000 1 1 1 1
0003 ggh_700.root 30000 30000 1 1 1 1
0003 ggh_800.root 30000 30000 1 1 1 1
0004 ggh_900.root 30000 30000 1 1 1 1
