200.0   1.06172102015
230.0   1.07329228587
260.0   1.11224711877
290.0   1.05353412387
320.0   1.01517692594
350.0   1.00765325555
390.0   1.0287353133
430.0   0.960920207797
470.0   1.02710926451
510.0   1.04860141613
550.0   0.999083540694
590.0   0.970700760004
640.0   0.966929013577
690.0   0.949380138393
740.0   1.20443833594
790.0   1.11733061013
840.0   0.979689047992
900.0   0.884487461156
960.0   0.822211435204
1020.0   0.861765934575
1090.0   0.929453499772
1160.0   1.05113160977
1250.0
