0000 panda_437622_0.root 1 1 1 1 1 1
0000 panda_437622_10.root 1 1 1 1 1 1
0000 panda_437622_100.root 1 1 1 1 1 1
0000 panda_437622_1000.root 1 1 1 1 1 1
0000 panda_437622_1003.root 1 1 1 1 1 1
0000 panda_437622_1004.root 1 1 1 1 1 1
0000 panda_437622_1005.root 1 1 1 1 1 1
0000 panda_437622_1007.root 1 1 1 1 1 1
0000 panda_437622_101.root 1 1 1 1 1 1
0000 panda_437622_1014.root 1 1 1 1 1 1
0000 panda_437622_1016.root 1 1 1 1 1 1
0000 panda_437622_1019.root 1 1 1 1 1 1
0000 panda_437622_102.root 1 1 1 1 1 1
0000 panda_437622_1020.root 1 1 1 1 1 1
0000 panda_437622_103.root 1 1 1 1 1 1
0000 panda_437622_1033.root 1 1 1 1 1 1
0000 panda_437622_1034.root 1 1 1 1 1 1
0000 panda_437622_1035.root 1 1 1 1 1 1
0000 panda_437622_104.root 1 1 1 1 1 1
0000 panda_437622_1041.root 1 1 1 1 1 1
0001 panda_437622_1046.root 1 1 1 1 1 1
0001 panda_437622_1049.root 1 1 1 1 1 1
0001 panda_437622_105.root 1 1 1 1 1 1
0001 panda_437622_1050.root 1 1 1 1 1 1
0001 panda_437622_1055.root 1 1 1 1 1 1
0001 panda_437622_1056.root 1 1 1 1 1 1
0001 panda_437622_1057.root 1 1 1 1 1 1
0001 panda_437622_106.root 1 1 1 1 1 1
0001 panda_437622_1061.root 1 1 1 1 1 1
0001 panda_437622_1063.root 1 1 1 1 1 1
0001 panda_437622_1064.root 1 1 1 1 1 1
0001 panda_437622_1065.root 1 1 1 1 1 1
0001 panda_437622_1066.root 1 1 1 1 1 1
0001 panda_437622_1067.root 1 1 1 1 1 1
0001 panda_437622_1068.root 1 1 1 1 1 1
0001 panda_437622_107.root 1 1 1 1 1 1
0001 panda_437622_1071.root 1 1 1 1 1 1
0001 panda_437622_1072.root 1 1 1 1 1 1
0001 panda_437622_1073.root 1 1 1 1 1 1
0001 panda_437622_1074.root 1 1 1 1 1 1
0002 panda_437622_1075.root 1 1 1 1 1 1
0002 panda_437622_1076.root 1 1 1 1 1 1
0002 panda_437622_1077.root 1 1 1 1 1 1
0002 panda_437622_1078.root 1 1 1 1 1 1
0002 panda_437622_108.root 1 1 1 1 1 1
0002 panda_437622_1080.root 1 1 1 1 1 1
0002 panda_437622_1081.root 1 1 1 1 1 1
0002 panda_437622_1082.root 1 1 1 1 1 1
0002 panda_437622_1086.root 1 1 1 1 1 1
0002 panda_437622_1088.root 1 1 1 1 1 1
0002 panda_437622_1089.root 1 1 1 1 1 1
0002 panda_437622_109.root 1 1 1 1 1 1
0002 panda_437622_1090.root 1 1 1 1 1 1
0002 panda_437622_1091.root 1 1 1 1 1 1
0002 panda_437622_1092.root 1 1 1 1 1 1
0002 panda_437622_1093.root 1 1 1 1 1 1
0002 panda_437622_1094.root 1 1 1 1 1 1
0002 panda_437622_1095.root 1 1 1 1 1 1
0002 panda_437622_1096.root 1 1 1 1 1 1
0002 panda_437622_1097.root 1 1 1 1 1 1
0003 panda_437622_1098.root 1 1 1 1 1 1
0003 panda_437622_1099.root 1 1 1 1 1 1
0003 panda_437622_110.root 1 1 1 1 1 1
0003 panda_437622_1100.root 1 1 1 1 1 1
0003 panda_437622_1101.root 1 1 1 1 1 1
0003 panda_437622_1102.root 1 1 1 1 1 1
0003 panda_437622_1103.root 1 1 1 1 1 1
0003 panda_437622_1104.root 1 1 1 1 1 1
0003 panda_437622_1105.root 1 1 1 1 1 1
0003 panda_437622_1106.root 1 1 1 1 1 1
0003 panda_437622_1108.root 1 1 1 1 1 1
0003 panda_437622_1109.root 1 1 1 1 1 1
0003 panda_437622_111.root 1 1 1 1 1 1
0003 panda_437622_1110.root 1 1 1 1 1 1
0003 panda_437622_1111.root 1 1 1 1 1 1
0003 panda_437622_1112.root 1 1 1 1 1 1
0003 panda_437622_1113.root 1 1 1 1 1 1
0003 panda_437622_1114.root 1 1 1 1 1 1
0003 panda_437622_1116.root 1 1 1 1 1 1
0003 panda_437622_1117.root 1 1 1 1 1 1
0004 panda_437622_1118.root 1 1 1 1 1 1
0004 panda_437622_1119.root 1 1 1 1 1 1
0004 panda_437622_112.root 1 1 1 1 1 1
0004 panda_437622_1120.root 1 1 1 1 1 1
0004 panda_437622_1121.root 1 1 1 1 1 1
0004 panda_437622_1122.root 1 1 1 1 1 1
0004 panda_437622_1123.root 1 1 1 1 1 1
0004 panda_437622_1124.root 1 1 1 1 1 1
0004 panda_437622_1125.root 1 1 1 1 1 1
0004 panda_437622_1126.root 1 1 1 1 1 1
0004 panda_437622_1127.root 1 1 1 1 1 1
0004 panda_437622_1128.root 1 1 1 1 1 1
0004 panda_437622_1129.root 1 1 1 1 1 1
0004 panda_437622_113.root 1 1 1 1 1 1
0004 panda_437622_1130.root 1 1 1 1 1 1
0004 panda_437622_1131.root 1 1 1 1 1 1
0004 panda_437622_1132.root 1 1 1 1 1 1
0004 panda_437622_1133.root 1 1 1 1 1 1
0004 panda_437622_1135.root 1 1 1 1 1 1
0004 panda_437622_1136.root 1 1 1 1 1 1
0005 panda_437622_1137.root 1 1 1 1 1 1
0005 panda_437622_1138.root 1 1 1 1 1 1
0005 panda_437622_1139.root 1 1 1 1 1 1
0005 panda_437622_114.root 1 1 1 1 1 1
0005 panda_437622_1140.root 1 1 1 1 1 1
0005 panda_437622_1141.root 1 1 1 1 1 1
0005 panda_437622_1142.root 1 1 1 1 1 1
0005 panda_437622_1143.root 1 1 1 1 1 1
0005 panda_437622_1144.root 1 1 1 1 1 1
0005 panda_437622_1145.root 1 1 1 1 1 1
0005 panda_437622_1146.root 1 1 1 1 1 1
0005 panda_437622_1147.root 1 1 1 1 1 1
0005 panda_437622_1148.root 1 1 1 1 1 1
0005 panda_437622_1149.root 1 1 1 1 1 1
0005 panda_437622_115.root 1 1 1 1 1 1
0005 panda_437622_1150.root 1 1 1 1 1 1
0005 panda_437622_1152.root 1 1 1 1 1 1
0005 panda_437622_1153.root 1 1 1 1 1 1
0005 panda_437622_1157.root 1 1 1 1 1 1
0005 panda_437622_1159.root 1 1 1 1 1 1
0006 panda_437622_116.root 1 1 1 1 1 1
0006 panda_437622_1160.root 1 1 1 1 1 1
0006 panda_437622_1161.root 1 1 1 1 1 1
0006 panda_437622_1162.root 1 1 1 1 1 1
0006 panda_437622_1164.root 1 1 1 1 1 1
0006 panda_437622_1169.root 1 1 1 1 1 1
0006 panda_437622_117.root 1 1 1 1 1 1
0006 panda_437622_1170.root 1 1 1 1 1 1
0006 panda_437622_1172.root 1 1 1 1 1 1
0006 panda_437622_1175.root 1 1 1 1 1 1
0006 panda_437622_1176.root 1 1 1 1 1 1
0006 panda_437622_1177.root 1 1 1 1 1 1
0006 panda_437622_1178.root 1 1 1 1 1 1
0006 panda_437622_118.root 1 1 1 1 1 1
0006 panda_437622_1180.root 1 1 1 1 1 1
0006 panda_437622_1181.root 1 1 1 1 1 1
0006 panda_437622_1185.root 1 1 1 1 1 1
0006 panda_437622_1188.root 1 1 1 1 1 1
0006 panda_437622_119.root 1 1 1 1 1 1
0006 panda_437622_1192.root 1 1 1 1 1 1
0007 panda_437622_1193.root 1 1 1 1 1 1
0007 panda_437622_1195.root 1 1 1 1 1 1
0007 panda_437622_12.root 1 1 1 1 1 1
0007 panda_437622_120.root 1 1 1 1 1 1
0007 panda_437622_1200.root 1 1 1 1 1 1
0007 panda_437622_1203.root 1 1 1 1 1 1
0007 panda_437622_1205.root 1 1 1 1 1 1
0007 panda_437622_121.root 1 1 1 1 1 1
0007 panda_437622_1215.root 1 1 1 1 1 1
0007 panda_437622_122.root 1 1 1 1 1 1
0007 panda_437622_1221.root 1 1 1 1 1 1
0007 panda_437622_1222.root 1 1 1 1 1 1
0007 panda_437622_1225.root 1 1 1 1 1 1
0007 panda_437622_1227.root 1 1 1 1 1 1
0007 panda_437622_1228.root 1 1 1 1 1 1
0007 panda_437622_1229.root 1 1 1 1 1 1
0007 panda_437622_123.root 1 1 1 1 1 1
0007 panda_437622_1230.root 1 1 1 1 1 1
0007 panda_437622_1231.root 1 1 1 1 1 1
0007 panda_437622_1233.root 1 1 1 1 1 1
0008 panda_437622_1234.root 1 1 1 1 1 1
0008 panda_437622_1235.root 1 1 1 1 1 1
0008 panda_437622_1236.root 1 1 1 1 1 1
0008 panda_437622_1237.root 1 1 1 1 1 1
0008 panda_437622_1238.root 1 1 1 1 1 1
0008 panda_437622_1239.root 1 1 1 1 1 1
0008 panda_437622_124.root 1 1 1 1 1 1
0008 panda_437622_1240.root 1 1 1 1 1 1
0008 panda_437622_1241.root 1 1 1 1 1 1
0008 panda_437622_1242.root 1 1 1 1 1 1
0008 panda_437622_1244.root 1 1 1 1 1 1
0008 panda_437622_1245.root 1 1 1 1 1 1
0008 panda_437622_1246.root 1 1 1 1 1 1
0008 panda_437622_1247.root 1 1 1 1 1 1
0008 panda_437622_1248.root 1 1 1 1 1 1
0008 panda_437622_1249.root 1 1 1 1 1 1
0008 panda_437622_125.root 1 1 1 1 1 1
0008 panda_437622_1250.root 1 1 1 1 1 1
0008 panda_437622_1252.root 1 1 1 1 1 1
0008 panda_437622_1253.root 1 1 1 1 1 1
0009 panda_437622_1254.root 1 1 1 1 1 1
0009 panda_437622_1255.root 1 1 1 1 1 1
0009 panda_437622_1256.root 1 1 1 1 1 1
0009 panda_437622_1257.root 1 1 1 1 1 1
0009 panda_437622_1258.root 1 1 1 1 1 1
0009 panda_437622_1259.root 1 1 1 1 1 1
0009 panda_437622_126.root 1 1 1 1 1 1
0009 panda_437622_1260.root 1 1 1 1 1 1
0009 panda_437622_1261.root 1 1 1 1 1 1
0009 panda_437622_1262.root 1 1 1 1 1 1
0009 panda_437622_1263.root 1 1 1 1 1 1
0009 panda_437622_1264.root 1 1 1 1 1 1
0009 panda_437622_1265.root 1 1 1 1 1 1
0009 panda_437622_1266.root 1 1 1 1 1 1
0009 panda_437622_1267.root 1 1 1 1 1 1
0009 panda_437622_1268.root 1 1 1 1 1 1
0009 panda_437622_1269.root 1 1 1 1 1 1
0009 panda_437622_127.root 1 1 1 1 1 1
0009 panda_437622_1270.root 1 1 1 1 1 1
0009 panda_437622_1271.root 1 1 1 1 1 1
0010 panda_437622_1273.root 1 1 1 1 1 1
0010 panda_437622_1274.root 1 1 1 1 1 1
0010 panda_437622_1275.root 1 1 1 1 1 1
0010 panda_437622_1276.root 1 1 1 1 1 1
0010 panda_437622_1277.root 1 1 1 1 1 1
0010 panda_437622_1278.root 1 1 1 1 1 1
0010 panda_437622_1279.root 1 1 1 1 1 1
0010 panda_437622_128.root 1 1 1 1 1 1
0010 panda_437622_1280.root 1 1 1 1 1 1
0010 panda_437622_1281.root 1 1 1 1 1 1
0010 panda_437622_1283.root 1 1 1 1 1 1
0010 panda_437622_1284.root 1 1 1 1 1 1
0010 panda_437622_1285.root 1 1 1 1 1 1
0010 panda_437622_1286.root 1 1 1 1 1 1
0010 panda_437622_1287.root 1 1 1 1 1 1
0010 panda_437622_1288.root 1 1 1 1 1 1
0010 panda_437622_129.root 1 1 1 1 1 1
0010 panda_437622_1292.root 1 1 1 1 1 1
0010 panda_437622_1297.root 1 1 1 1 1 1
0010 panda_437622_1298.root 1 1 1 1 1 1
0011 panda_437622_1299.root 1 1 1 1 1 1
0011 panda_437622_13.root 1 1 1 1 1 1
0011 panda_437622_130.root 1 1 1 1 1 1
0011 panda_437622_1300.root 1 1 1 1 1 1
0011 panda_437622_1301.root 1 1 1 1 1 1
0011 panda_437622_1302.root 1 1 1 1 1 1
0011 panda_437622_1303.root 1 1 1 1 1 1
0011 panda_437622_1305.root 1 1 1 1 1 1
0011 panda_437622_1307.root 1 1 1 1 1 1
0011 panda_437622_131.root 1 1 1 1 1 1
0011 panda_437622_1310.root 1 1 1 1 1 1
0011 panda_437622_1313.root 1 1 1 1 1 1
0011 panda_437622_1316.root 1 1 1 1 1 1
0011 panda_437622_1317.root 1 1 1 1 1 1
0011 panda_437622_1318.root 1 1 1 1 1 1
0011 panda_437622_132.root 1 1 1 1 1 1
0011 panda_437622_1322.root 1 1 1 1 1 1
0011 panda_437622_1323.root 1 1 1 1 1 1
0011 panda_437622_1325.root 1 1 1 1 1 1
0011 panda_437622_133.root 1 1 1 1 1 1
0012 panda_437622_1330.root 1 1 1 1 1 1
0012 panda_437622_1331.root 1 1 1 1 1 1
0012 panda_437622_1332.root 1 1 1 1 1 1
0012 panda_437622_1335.root 1 1 1 1 1 1
0012 panda_437622_1336.root 1 1 1 1 1 1
0012 panda_437622_1337.root 1 1 1 1 1 1
0012 panda_437622_1338.root 1 1 1 1 1 1
0012 panda_437622_1339.root 1 1 1 1 1 1
0012 panda_437622_134.root 1 1 1 1 1 1
0012 panda_437622_1340.root 1 1 1 1 1 1
0012 panda_437622_1341.root 1 1 1 1 1 1
0012 panda_437622_1342.root 1 1 1 1 1 1
0012 panda_437622_1343.root 1 1 1 1 1 1
0012 panda_437622_1345.root 1 1 1 1 1 1
0012 panda_437622_1346.root 1 1 1 1 1 1
0012 panda_437622_1347.root 1 1 1 1 1 1
0012 panda_437622_1348.root 1 1 1 1 1 1
0012 panda_437622_1349.root 1 1 1 1 1 1
0012 panda_437622_135.root 1 1 1 1 1 1
0012 panda_437622_1350.root 1 1 1 1 1 1
0013 panda_437622_1351.root 1 1 1 1 1 1
0013 panda_437622_1352.root 1 1 1 1 1 1
0013 panda_437622_1353.root 1 1 1 1 1 1
0013 panda_437622_1354.root 1 1 1 1 1 1
0013 panda_437622_1355.root 1 1 1 1 1 1
0013 panda_437622_1356.root 1 1 1 1 1 1
0013 panda_437622_1357.root 1 1 1 1 1 1
0013 panda_437622_1358.root 1 1 1 1 1 1
0013 panda_437622_1359.root 1 1 1 1 1 1
0013 panda_437622_136.root 1 1 1 1 1 1
0013 panda_437622_1360.root 1 1 1 1 1 1
0013 panda_437622_1361.root 1 1 1 1 1 1
0013 panda_437622_1362.root 1 1 1 1 1 1
0013 panda_437622_1363.root 1 1 1 1 1 1
0013 panda_437622_1364.root 1 1 1 1 1 1
0013 panda_437622_1365.root 1 1 1 1 1 1
0013 panda_437622_1366.root 1 1 1 1 1 1
0013 panda_437622_1367.root 1 1 1 1 1 1
0013 panda_437622_1368.root 1 1 1 1 1 1
0013 panda_437622_1369.root 1 1 1 1 1 1
0014 panda_437622_137.root 1 1 1 1 1 1
0014 panda_437622_1370.root 1 1 1 1 1 1
0014 panda_437622_1371.root 1 1 1 1 1 1
0014 panda_437622_1372.root 1 1 1 1 1 1
0014 panda_437622_1373.root 1 1 1 1 1 1
0014 panda_437622_1374.root 1 1 1 1 1 1
0014 panda_437622_1375.root 1 1 1 1 1 1
0014 panda_437622_1376.root 1 1 1 1 1 1
0014 panda_437622_1377.root 1 1 1 1 1 1
0014 panda_437622_1378.root 1 1 1 1 1 1
0014 panda_437622_1379.root 1 1 1 1 1 1
0014 panda_437622_138.root 1 1 1 1 1 1
0014 panda_437622_1380.root 1 1 1 1 1 1
0014 panda_437622_1381.root 1 1 1 1 1 1
0014 panda_437622_1382.root 1 1 1 1 1 1
0014 panda_437622_1383.root 1 1 1 1 1 1
0014 panda_437622_1384.root 1 1 1 1 1 1
0014 panda_437622_1385.root 1 1 1 1 1 1
0014 panda_437622_1389.root 1 1 1 1 1 1
0014 panda_437622_139.root 1 1 1 1 1 1
0015 panda_437622_1390.root 1 1 1 1 1 1
0015 panda_437622_1396.root 1 1 1 1 1 1
0015 panda_437622_1397.root 1 1 1 1 1 1
0015 panda_437622_1399.root 1 1 1 1 1 1
0015 panda_437622_14.root 1 1 1 1 1 1
0015 panda_437622_140.root 1 1 1 1 1 1
0015 panda_437622_1401.root 1 1 1 1 1 1
0015 panda_437622_1403.root 1 1 1 1 1 1
0015 panda_437622_1404.root 1 1 1 1 1 1
0015 panda_437622_1406.root 1 1 1 1 1 1
0015 panda_437622_1407.root 1 1 1 1 1 1
0015 panda_437622_1408.root 1 1 1 1 1 1
0015 panda_437622_141.root 1 1 1 1 1 1
0015 panda_437622_1411.root 1 1 1 1 1 1
0015 panda_437622_1412.root 1 1 1 1 1 1
0015 panda_437622_1413.root 1 1 1 1 1 1
0015 panda_437622_1414.root 1 1 1 1 1 1
0015 panda_437622_1415.root 1 1 1 1 1 1
0015 panda_437622_1417.root 1 1 1 1 1 1
0015 panda_437622_1418.root 1 1 1 1 1 1
0016 panda_437622_1419.root 1 1 1 1 1 1
0016 panda_437622_142.root 1 1 1 1 1 1
0016 panda_437622_1420.root 1 1 1 1 1 1
0016 panda_437622_1421.root 1 1 1 1 1 1
0016 panda_437622_1428.root 1 1 1 1 1 1
0016 panda_437622_1429.root 1 1 1 1 1 1
0016 panda_437622_1430.root 1 1 1 1 1 1
0016 panda_437622_1432.root 1 1 1 1 1 1
0016 panda_437622_1433.root 1 1 1 1 1 1
0016 panda_437622_1434.root 1 1 1 1 1 1
0016 panda_437622_1435.root 1 1 1 1 1 1
0016 panda_437622_1436.root 1 1 1 1 1 1
0016 panda_437622_1437.root 1 1 1 1 1 1
0016 panda_437622_1438.root 1 1 1 1 1 1
0016 panda_437622_1439.root 1 1 1 1 1 1
0016 panda_437622_144.root 1 1 1 1 1 1
0016 panda_437622_1440.root 1 1 1 1 1 1
0016 panda_437622_1441.root 1 1 1 1 1 1
0016 panda_437622_1442.root 1 1 1 1 1 1
0016 panda_437622_1444.root 1 1 1 1 1 1
0017 panda_437622_1445.root 1 1 1 1 1 1
0017 panda_437622_1446.root 1 1 1 1 1 1
0017 panda_437622_1447.root 1 1 1 1 1 1
0017 panda_437622_1448.root 1 1 1 1 1 1
0017 panda_437622_1449.root 1 1 1 1 1 1
0017 panda_437622_145.root 1 1 1 1 1 1
0017 panda_437622_1450.root 1 1 1 1 1 1
0017 panda_437622_1453.root 1 1 1 1 1 1
0017 panda_437622_1454.root 1 1 1 1 1 1
0017 panda_437622_1455.root 1 1 1 1 1 1
0017 panda_437622_1456.root 1 1 1 1 1 1
0017 panda_437622_1457.root 1 1 1 1 1 1
0017 panda_437622_1458.root 1 1 1 1 1 1
0017 panda_437622_1459.root 1 1 1 1 1 1
0017 panda_437622_146.root 1 1 1 1 1 1
0017 panda_437622_1461.root 1 1 1 1 1 1
0017 panda_437622_1463.root 1 1 1 1 1 1
0017 panda_437622_1465.root 1 1 1 1 1 1
0017 panda_437622_1467.root 1 1 1 1 1 1
0017 panda_437622_1468.root 1 1 1 1 1 1
0018 panda_437622_1469.root 1 1 1 1 1 1
0018 panda_437622_147.root 1 1 1 1 1 1
0018 panda_437622_1470.root 1 1 1 1 1 1
0018 panda_437622_1472.root 1 1 1 1 1 1
0018 panda_437622_1473.root 1 1 1 1 1 1
0018 panda_437622_1474.root 1 1 1 1 1 1
0018 panda_437622_1476.root 1 1 1 1 1 1
0018 panda_437622_1477.root 1 1 1 1 1 1
0018 panda_437622_1478.root 1 1 1 1 1 1
0018 panda_437622_148.root 1 1 1 1 1 1
0018 panda_437622_1481.root 1 1 1 1 1 1
0018 panda_437622_1482.root 1 1 1 1 1 1
0018 panda_437622_1483.root 1 1 1 1 1 1
0018 panda_437622_1484.root 1 1 1 1 1 1
0018 panda_437622_1487.root 1 1 1 1 1 1
0018 panda_437622_149.root 1 1 1 1 1 1
0018 panda_437622_1490.root 1 1 1 1 1 1
0018 panda_437622_1491.root 1 1 1 1 1 1
0018 panda_437622_1492.root 1 1 1 1 1 1
0018 panda_437622_1496.root 1 1 1 1 1 1
0019 panda_437622_1497.root 1 1 1 1 1 1
0019 panda_437622_1498.root 1 1 1 1 1 1
0019 panda_437622_1499.root 1 1 1 1 1 1
0019 panda_437622_15.root 1 1 1 1 1 1
0019 panda_437622_150.root 1 1 1 1 1 1
0019 panda_437622_152.root 1 1 1 1 1 1
0019 panda_437622_153.root 1 1 1 1 1 1
0019 panda_437622_154.root 1 1 1 1 1 1
0019 panda_437622_156.root 1 1 1 1 1 1
0019 panda_437622_157.root 1 1 1 1 1 1
0019 panda_437622_158.root 1 1 1 1 1 1
0019 panda_437622_16.root 1 1 1 1 1 1
0019 panda_437622_161.root 1 1 1 1 1 1
0019 panda_437622_162.root 1 1 1 1 1 1
0019 panda_437622_163.root 1 1 1 1 1 1
0019 panda_437622_164.root 1 1 1 1 1 1
0019 panda_437622_165.root 1 1 1 1 1 1
0019 panda_437622_166.root 1 1 1 1 1 1
0019 panda_437622_168.root 1 1 1 1 1 1
0019 panda_437622_169.root 1 1 1 1 1 1
0020 panda_437622_17.root 1 1 1 1 1 1
0020 panda_437622_171.root 1 1 1 1 1 1
0020 panda_437622_172.root 1 1 1 1 1 1
0020 panda_437622_174.root 1 1 1 1 1 1
0020 panda_437622_175.root 1 1 1 1 1 1
0020 panda_437622_176.root 1 1 1 1 1 1
0020 panda_437622_177.root 1 1 1 1 1 1
0020 panda_437622_179.root 1 1 1 1 1 1
0020 panda_437622_181.root 1 1 1 1 1 1
0020 panda_437622_183.root 1 1 1 1 1 1
0020 panda_437622_184.root 1 1 1 1 1 1
0020 panda_437622_185.root 1 1 1 1 1 1
0020 panda_437622_186.root 1 1 1 1 1 1
0020 panda_437622_188.root 1 1 1 1 1 1
0020 panda_437622_189.root 1 1 1 1 1 1
0020 panda_437622_190.root 1 1 1 1 1 1
0020 panda_437622_192.root 1 1 1 1 1 1
0020 panda_437622_193.root 1 1 1 1 1 1
0020 panda_437622_194.root 1 1 1 1 1 1
0020 panda_437622_195.root 1 1 1 1 1 1
0021 panda_437622_197.root 1 1 1 1 1 1
0021 panda_437622_198.root 1 1 1 1 1 1
0021 panda_437622_2.root 1 1 1 1 1 1
0021 panda_437622_20.root 1 1 1 1 1 1
0021 panda_437622_201.root 1 1 1 1 1 1
0021 panda_437622_203.root 1 1 1 1 1 1
0021 panda_437622_205.root 1 1 1 1 1 1
0021 panda_437622_206.root 1 1 1 1 1 1
0021 panda_437622_207.root 1 1 1 1 1 1
0021 panda_437622_208.root 1 1 1 1 1 1
0021 panda_437622_209.root 1 1 1 1 1 1
0021 panda_437622_21.root 1 1 1 1 1 1
0021 panda_437622_210.root 1 1 1 1 1 1
0021 panda_437622_212.root 1 1 1 1 1 1
0021 panda_437622_213.root 1 1 1 1 1 1
0021 panda_437622_214.root 1 1 1 1 1 1
0021 panda_437622_215.root 1 1 1 1 1 1
0021 panda_437622_216.root 1 1 1 1 1 1
0021 panda_437622_217.root 1 1 1 1 1 1
0021 panda_437622_218.root 1 1 1 1 1 1
0022 panda_437622_219.root 1 1 1 1 1 1
0022 panda_437622_221.root 1 1 1 1 1 1
0022 panda_437622_222.root 1 1 1 1 1 1
0022 panda_437622_223.root 1 1 1 1 1 1
0022 panda_437622_224.root 1 1 1 1 1 1
0022 panda_437622_226.root 1 1 1 1 1 1
0022 panda_437622_227.root 1 1 1 1 1 1
0022 panda_437622_228.root 1 1 1 1 1 1
0022 panda_437622_229.root 1 1 1 1 1 1
0022 panda_437622_23.root 1 1 1 1 1 1
0022 panda_437622_230.root 1 1 1 1 1 1
0022 panda_437622_231.root 1 1 1 1 1 1
0022 panda_437622_232.root 1 1 1 1 1 1
0022 panda_437622_233.root 1 1 1 1 1 1
0022 panda_437622_234.root 1 1 1 1 1 1
0022 panda_437622_235.root 1 1 1 1 1 1
0022 panda_437622_236.root 1 1 1 1 1 1
0022 panda_437622_238.root 1 1 1 1 1 1
0022 panda_437622_239.root 1 1 1 1 1 1
0022 panda_437622_24.root 1 1 1 1 1 1
0023 panda_437622_240.root 1 1 1 1 1 1
0023 panda_437622_241.root 1 1 1 1 1 1
0023 panda_437622_242.root 1 1 1 1 1 1
0023 panda_437622_244.root 1 1 1 1 1 1
0023 panda_437622_245.root 1 1 1 1 1 1
0023 panda_437622_246.root 1 1 1 1 1 1
0023 panda_437622_247.root 1 1 1 1 1 1
0023 panda_437622_248.root 1 1 1 1 1 1
0023 panda_437622_249.root 1 1 1 1 1 1
0023 panda_437622_25.root 1 1 1 1 1 1
0023 panda_437622_250.root 1 1 1 1 1 1
0023 panda_437622_251.root 1 1 1 1 1 1
0023 panda_437622_253.root 1 1 1 1 1 1
0023 panda_437622_254.root 1 1 1 1 1 1
0023 panda_437622_255.root 1 1 1 1 1 1
0023 panda_437622_256.root 1 1 1 1 1 1
0023 panda_437622_257.root 1 1 1 1 1 1
0023 panda_437622_258.root 1 1 1 1 1 1
0023 panda_437622_259.root 1 1 1 1 1 1
0023 panda_437622_26.root 1 1 1 1 1 1
0024 panda_437622_260.root 1 1 1 1 1 1
0024 panda_437622_261.root 1 1 1 1 1 1
0024 panda_437622_262.root 1 1 1 1 1 1
0024 panda_437622_263.root 1 1 1 1 1 1
0024 panda_437622_264.root 1 1 1 1 1 1
0024 panda_437622_265.root 1 1 1 1 1 1
0024 panda_437622_267.root 1 1 1 1 1 1
0024 panda_437622_269.root 1 1 1 1 1 1
0024 panda_437622_270.root 1 1 1 1 1 1
0024 panda_437622_271.root 1 1 1 1 1 1
0024 panda_437622_272.root 1 1 1 1 1 1
0024 panda_437622_274.root 1 1 1 1 1 1
0024 panda_437622_275.root 1 1 1 1 1 1
0024 panda_437622_276.root 1 1 1 1 1 1
0024 panda_437622_277.root 1 1 1 1 1 1
0024 panda_437622_28.root 1 1 1 1 1 1
0024 panda_437622_280.root 1 1 1 1 1 1
0024 panda_437622_281.root 1 1 1 1 1 1
0024 panda_437622_283.root 1 1 1 1 1 1
0024 panda_437622_289.root 1 1 1 1 1 1
0025 panda_437622_29.root 1 1 1 1 1 1
0025 panda_437622_290.root 1 1 1 1 1 1
0025 panda_437622_292.root 1 1 1 1 1 1
0025 panda_437622_293.root 1 1 1 1 1 1
0025 panda_437622_294.root 1 1 1 1 1 1
0025 panda_437622_295.root 1 1 1 1 1 1
0025 panda_437622_297.root 1 1 1 1 1 1
0025 panda_437622_298.root 1 1 1 1 1 1
0025 panda_437622_299.root 1 1 1 1 1 1
0025 panda_437622_3.root 1 1 1 1 1 1
0025 panda_437622_30.root 1 1 1 1 1 1
0025 panda_437622_300.root 1 1 1 1 1 1
0025 panda_437622_303.root 1 1 1 1 1 1
0025 panda_437622_304.root 1 1 1 1 1 1
0025 panda_437622_305.root 1 1 1 1 1 1
0025 panda_437622_306.root 1 1 1 1 1 1
0025 panda_437622_307.root 1 1 1 1 1 1
0025 panda_437622_308.root 1 1 1 1 1 1
0025 panda_437622_309.root 1 1 1 1 1 1
0025 panda_437622_31.root 1 1 1 1 1 1
0026 panda_437622_310.root 1 1 1 1 1 1
0026 panda_437622_311.root 1 1 1 1 1 1
0026 panda_437622_312.root 1 1 1 1 1 1
0026 panda_437622_316.root 1 1 1 1 1 1
0026 panda_437622_318.root 1 1 1 1 1 1
0026 panda_437622_32.root 1 1 1 1 1 1
0026 panda_437622_320.root 1 1 1 1 1 1
0026 panda_437622_322.root 1 1 1 1 1 1
0026 panda_437622_323.root 1 1 1 1 1 1
0026 panda_437622_324.root 1 1 1 1 1 1
0026 panda_437622_325.root 1 1 1 1 1 1
0026 panda_437622_326.root 1 1 1 1 1 1
0026 panda_437622_328.root 1 1 1 1 1 1
0026 panda_437622_329.root 1 1 1 1 1 1
0026 panda_437622_33.root 1 1 1 1 1 1
0026 panda_437622_330.root 1 1 1 1 1 1
0026 panda_437622_333.root 1 1 1 1 1 1
0026 panda_437622_334.root 1 1 1 1 1 1
0026 panda_437622_336.root 1 1 1 1 1 1
0026 panda_437622_337.root 1 1 1 1 1 1
0027 panda_437622_338.root 1 1 1 1 1 1
0027 panda_437622_339.root 1 1 1 1 1 1
0027 panda_437622_34.root 1 1 1 1 1 1
0027 panda_437622_340.root 1 1 1 1 1 1
0027 panda_437622_341.root 1 1 1 1 1 1
0027 panda_437622_342.root 1 1 1 1 1 1
0027 panda_437622_343.root 1 1 1 1 1 1
0027 panda_437622_344.root 1 1 1 1 1 1
0027 panda_437622_345.root 1 1 1 1 1 1
0027 panda_437622_346.root 1 1 1 1 1 1
0027 panda_437622_347.root 1 1 1 1 1 1
0027 panda_437622_348.root 1 1 1 1 1 1
0027 panda_437622_349.root 1 1 1 1 1 1
0027 panda_437622_35.root 1 1 1 1 1 1
0027 panda_437622_350.root 1 1 1 1 1 1
0027 panda_437622_351.root 1 1 1 1 1 1
0027 panda_437622_352.root 1 1 1 1 1 1
0027 panda_437622_353.root 1 1 1 1 1 1
0027 panda_437622_354.root 1 1 1 1 1 1
0027 panda_437622_355.root 1 1 1 1 1 1
0028 panda_437622_357.root 1 1 1 1 1 1
0028 panda_437622_359.root 1 1 1 1 1 1
0028 panda_437622_36.root 1 1 1 1 1 1
0028 panda_437622_360.root 1 1 1 1 1 1
0028 panda_437622_362.root 1 1 1 1 1 1
0028 panda_437622_364.root 1 1 1 1 1 1
0028 panda_437622_365.root 1 1 1 1 1 1
0028 panda_437622_366.root 1 1 1 1 1 1
0028 panda_437622_367.root 1 1 1 1 1 1
0028 panda_437622_37.root 1 1 1 1 1 1
0028 panda_437622_370.root 1 1 1 1 1 1
0028 panda_437622_371.root 1 1 1 1 1 1
0028 panda_437622_372.root 1 1 1 1 1 1
0028 panda_437622_373.root 1 1 1 1 1 1
0028 panda_437622_374.root 1 1 1 1 1 1
0028 panda_437622_375.root 1 1 1 1 1 1
0028 panda_437622_376.root 1 1 1 1 1 1
0028 panda_437622_377.root 1 1 1 1 1 1
0028 panda_437622_378.root 1 1 1 1 1 1
0028 panda_437622_379.root 1 1 1 1 1 1
0029 panda_437622_38.root 1 1 1 1 1 1
0029 panda_437622_380.root 1 1 1 1 1 1
0029 panda_437622_381.root 1 1 1 1 1 1
0029 panda_437622_382.root 1 1 1 1 1 1
0029 panda_437622_383.root 1 1 1 1 1 1
0029 panda_437622_384.root 1 1 1 1 1 1
0029 panda_437622_385.root 1 1 1 1 1 1
0029 panda_437622_386.root 1 1 1 1 1 1
0029 panda_437622_387.root 1 1 1 1 1 1
0029 panda_437622_388.root 1 1 1 1 1 1
0029 panda_437622_389.root 1 1 1 1 1 1
0029 panda_437622_39.root 1 1 1 1 1 1
0029 panda_437622_390.root 1 1 1 1 1 1
0029 panda_437622_391.root 1 1 1 1 1 1
0029 panda_437622_393.root 1 1 1 1 1 1
0029 panda_437622_394.root 1 1 1 1 1 1
0029 panda_437622_396.root 1 1 1 1 1 1
0029 panda_437622_398.root 1 1 1 1 1 1
0029 panda_437622_399.root 1 1 1 1 1 1
0029 panda_437622_4.root 1 1 1 1 1 1
0030 panda_437622_40.root 1 1 1 1 1 1
0030 panda_437622_401.root 1 1 1 1 1 1
0030 panda_437622_404.root 1 1 1 1 1 1
0030 panda_437622_405.root 1 1 1 1 1 1
0030 panda_437622_406.root 1 1 1 1 1 1
0030 panda_437622_407.root 1 1 1 1 1 1
0030 panda_437622_408.root 1 1 1 1 1 1
0030 panda_437622_41.root 1 1 1 1 1 1
0030 panda_437622_410.root 1 1 1 1 1 1
0030 panda_437622_412.root 1 1 1 1 1 1
0030 panda_437622_415.root 1 1 1 1 1 1
0030 panda_437622_419.root 1 1 1 1 1 1
0030 panda_437622_42.root 1 1 1 1 1 1
0030 panda_437622_421.root 1 1 1 1 1 1
0030 panda_437622_422.root 1 1 1 1 1 1
0030 panda_437622_423.root 1 1 1 1 1 1
0030 panda_437622_424.root 1 1 1 1 1 1
0030 panda_437622_427.root 1 1 1 1 1 1
0030 panda_437622_429.root 1 1 1 1 1 1
0030 panda_437622_43.root 1 1 1 1 1 1
0031 panda_437622_430.root 1 1 1 1 1 1
0031 panda_437622_431.root 1 1 1 1 1 1
0031 panda_437622_433.root 1 1 1 1 1 1
0031 panda_437622_434.root 1 1 1 1 1 1
0031 panda_437622_436.root 1 1 1 1 1 1
0031 panda_437622_437.root 1 1 1 1 1 1
0031 panda_437622_439.root 1 1 1 1 1 1
0031 panda_437622_440.root 1 1 1 1 1 1
0031 panda_437622_441.root 1 1 1 1 1 1
0031 panda_437622_442.root 1 1 1 1 1 1
0031 panda_437622_443.root 1 1 1 1 1 1
0031 panda_437622_446.root 1 1 1 1 1 1
0031 panda_437622_447.root 1 1 1 1 1 1
0031 panda_437622_448.root 1 1 1 1 1 1
0031 panda_437622_449.root 1 1 1 1 1 1
0031 panda_437622_45.root 1 1 1 1 1 1
0031 panda_437622_450.root 1 1 1 1 1 1
0031 panda_437622_452.root 1 1 1 1 1 1
0031 panda_437622_453.root 1 1 1 1 1 1
0031 panda_437622_454.root 1 1 1 1 1 1
0032 panda_437622_455.root 1 1 1 1 1 1
0032 panda_437622_456.root 1 1 1 1 1 1
0032 panda_437622_458.root 1 1 1 1 1 1
0032 panda_437622_459.root 1 1 1 1 1 1
0032 panda_437622_46.root 1 1 1 1 1 1
0032 panda_437622_460.root 1 1 1 1 1 1
0032 panda_437622_461.root 1 1 1 1 1 1
0032 panda_437622_462.root 1 1 1 1 1 1
0032 panda_437622_463.root 1 1 1 1 1 1
0032 panda_437622_465.root 1 1 1 1 1 1
0032 panda_437622_466.root 1 1 1 1 1 1
0032 panda_437622_467.root 1 1 1 1 1 1
0032 panda_437622_468.root 1 1 1 1 1 1
0032 panda_437622_469.root 1 1 1 1 1 1
0032 panda_437622_47.root 1 1 1 1 1 1
0032 panda_437622_470.root 1 1 1 1 1 1
0032 panda_437622_471.root 1 1 1 1 1 1
0032 panda_437622_472.root 1 1 1 1 1 1
0032 panda_437622_473.root 1 1 1 1 1 1
0032 panda_437622_475.root 1 1 1 1 1 1
0033 panda_437622_476.root 1 1 1 1 1 1
0033 panda_437622_477.root 1 1 1 1 1 1
0033 panda_437622_479.root 1 1 1 1 1 1
0033 panda_437622_48.root 1 1 1 1 1 1
0033 panda_437622_480.root 1 1 1 1 1 1
0033 panda_437622_482.root 1 1 1 1 1 1
0033 panda_437622_483.root 1 1 1 1 1 1
0033 panda_437622_484.root 1 1 1 1 1 1
0033 panda_437622_486.root 1 1 1 1 1 1
0033 panda_437622_487.root 1 1 1 1 1 1
0033 panda_437622_488.root 1 1 1 1 1 1
0033 panda_437622_489.root 1 1 1 1 1 1
0033 panda_437622_49.root 1 1 1 1 1 1
0033 panda_437622_490.root 1 1 1 1 1 1
0033 panda_437622_491.root 1 1 1 1 1 1
0033 panda_437622_492.root 1 1 1 1 1 1
0033 panda_437622_493.root 1 1 1 1 1 1
0033 panda_437622_494.root 1 1 1 1 1 1
0033 panda_437622_496.root 1 1 1 1 1 1
0033 panda_437622_497.root 1 1 1 1 1 1
0034 panda_437622_498.root 1 1 1 1 1 1
0034 panda_437622_50.root 1 1 1 1 1 1
0034 panda_437622_500.root 1 1 1 1 1 1
0034 panda_437622_501.root 1 1 1 1 1 1
0034 panda_437622_502.root 1 1 1 1 1 1
0034 panda_437622_503.root 1 1 1 1 1 1
0034 panda_437622_504.root 1 1 1 1 1 1
0034 panda_437622_505.root 1 1 1 1 1 1
0034 panda_437622_506.root 1 1 1 1 1 1
0034 panda_437622_507.root 1 1 1 1 1 1
0034 panda_437622_508.root 1 1 1 1 1 1
0034 panda_437622_509.root 1 1 1 1 1 1
0034 panda_437622_51.root 1 1 1 1 1 1
0034 panda_437622_511.root 1 1 1 1 1 1
0034 panda_437622_512.root 1 1 1 1 1 1
0034 panda_437622_513.root 1 1 1 1 1 1
0034 panda_437622_514.root 1 1 1 1 1 1
0034 panda_437622_515.root 1 1 1 1 1 1
0034 panda_437622_516.root 1 1 1 1 1 1
0034 panda_437622_517.root 1 1 1 1 1 1
0035 panda_437622_518.root 1 1 1 1 1 1
0035 panda_437622_519.root 1 1 1 1 1 1
0035 panda_437622_521.root 1 1 1 1 1 1
0035 panda_437622_522.root 1 1 1 1 1 1
0035 panda_437622_524.root 1 1 1 1 1 1
0035 panda_437622_525.root 1 1 1 1 1 1
0035 panda_437622_526.root 1 1 1 1 1 1
0035 panda_437622_527.root 1 1 1 1 1 1
0035 panda_437622_529.root 1 1 1 1 1 1
0035 panda_437622_530.root 1 1 1 1 1 1
0035 panda_437622_531.root 1 1 1 1 1 1
0035 panda_437622_532.root 1 1 1 1 1 1
0035 panda_437622_533.root 1 1 1 1 1 1
0035 panda_437622_534.root 1 1 1 1 1 1
0035 panda_437622_539.root 1 1 1 1 1 1
0035 panda_437622_541.root 1 1 1 1 1 1
0035 panda_437622_542.root 1 1 1 1 1 1
0035 panda_437622_544.root 1 1 1 1 1 1
0035 panda_437622_546.root 1 1 1 1 1 1
0035 panda_437622_549.root 1 1 1 1 1 1
0036 panda_437622_55.root 1 1 1 1 1 1
0036 panda_437622_551.root 1 1 1 1 1 1
0036 panda_437622_553.root 1 1 1 1 1 1
0036 panda_437622_557.root 1 1 1 1 1 1
0036 panda_437622_558.root 1 1 1 1 1 1
0036 panda_437622_56.root 1 1 1 1 1 1
0036 panda_437622_560.root 1 1 1 1 1 1
0036 panda_437622_561.root 1 1 1 1 1 1
0036 panda_437622_563.root 1 1 1 1 1 1
0036 panda_437622_568.root 1 1 1 1 1 1
0036 panda_437622_57.root 1 1 1 1 1 1
0036 panda_437622_570.root 1 1 1 1 1 1
0036 panda_437622_572.root 1 1 1 1 1 1
0036 panda_437622_574.root 1 1 1 1 1 1
0036 panda_437622_575.root 1 1 1 1 1 1
0036 panda_437622_576.root 1 1 1 1 1 1
0036 panda_437622_578.root 1 1 1 1 1 1
0036 panda_437622_579.root 1 1 1 1 1 1
0036 panda_437622_58.root 1 1 1 1 1 1
0036 panda_437622_580.root 1 1 1 1 1 1
0037 panda_437622_581.root 1 1 1 1 1 1
0037 panda_437622_582.root 1 1 1 1 1 1
0037 panda_437622_585.root 1 1 1 1 1 1
0037 panda_437622_587.root 1 1 1 1 1 1
0037 panda_437622_588.root 1 1 1 1 1 1
0037 panda_437622_589.root 1 1 1 1 1 1
0037 panda_437622_59.root 1 1 1 1 1 1
0037 panda_437622_591.root 1 1 1 1 1 1
0037 panda_437622_592.root 1 1 1 1 1 1
0037 panda_437622_593.root 1 1 1 1 1 1
0037 panda_437622_594.root 1 1 1 1 1 1
0037 panda_437622_595.root 1 1 1 1 1 1
0037 panda_437622_596.root 1 1 1 1 1 1
0037 panda_437622_597.root 1 1 1 1 1 1
0037 panda_437622_60.root 1 1 1 1 1 1
0037 panda_437622_601.root 1 1 1 1 1 1
0037 panda_437622_602.root 1 1 1 1 1 1
0037 panda_437622_604.root 1 1 1 1 1 1
0037 panda_437622_605.root 1 1 1 1 1 1
0037 panda_437622_606.root 1 1 1 1 1 1
0038 panda_437622_607.root 1 1 1 1 1 1
0038 panda_437622_608.root 1 1 1 1 1 1
0038 panda_437622_609.root 1 1 1 1 1 1
0038 panda_437622_61.root 1 1 1 1 1 1
0038 panda_437622_610.root 1 1 1 1 1 1
0038 panda_437622_611.root 1 1 1 1 1 1
0038 panda_437622_612.root 1 1 1 1 1 1
0038 panda_437622_613.root 1 1 1 1 1 1
0038 panda_437622_614.root 1 1 1 1 1 1
0038 panda_437622_615.root 1 1 1 1 1 1
0038 panda_437622_616.root 1 1 1 1 1 1
0038 panda_437622_618.root 1 1 1 1 1 1
0038 panda_437622_619.root 1 1 1 1 1 1
0038 panda_437622_62.root 1 1 1 1 1 1
0038 panda_437622_620.root 1 1 1 1 1 1
0038 panda_437622_621.root 1 1 1 1 1 1
0038 panda_437622_622.root 1 1 1 1 1 1
0038 panda_437622_623.root 1 1 1 1 1 1
0038 panda_437622_626.root 1 1 1 1 1 1
0038 panda_437622_628.root 1 1 1 1 1 1
0039 panda_437622_629.root 1 1 1 1 1 1
0039 panda_437622_630.root 1 1 1 1 1 1
0039 panda_437622_631.root 1 1 1 1 1 1
0039 panda_437622_632.root 1 1 1 1 1 1
0039 panda_437622_633.root 1 1 1 1 1 1
0039 panda_437622_634.root 1 1 1 1 1 1
0039 panda_437622_635.root 1 1 1 1 1 1
0039 panda_437622_636.root 1 1 1 1 1 1
0039 panda_437622_637.root 1 1 1 1 1 1
0039 panda_437622_638.root 1 1 1 1 1 1
0039 panda_437622_639.root 1 1 1 1 1 1
0039 panda_437622_64.root 1 1 1 1 1 1
0039 panda_437622_640.root 1 1 1 1 1 1
0039 panda_437622_641.root 1 1 1 1 1 1
0039 panda_437622_643.root 1 1 1 1 1 1
0039 panda_437622_644.root 1 1 1 1 1 1
0039 panda_437622_645.root 1 1 1 1 1 1
0039 panda_437622_646.root 1 1 1 1 1 1
0039 panda_437622_647.root 1 1 1 1 1 1
0039 panda_437622_648.root 1 1 1 1 1 1
0040 panda_437622_649.root 1 1 1 1 1 1
0040 panda_437622_65.root 1 1 1 1 1 1
0040 panda_437622_651.root 1 1 1 1 1 1
0040 panda_437622_652.root 1 1 1 1 1 1
0040 panda_437622_653.root 1 1 1 1 1 1
0040 panda_437622_655.root 1 1 1 1 1 1
0040 panda_437622_656.root 1 1 1 1 1 1
0040 panda_437622_657.root 1 1 1 1 1 1
0040 panda_437622_658.root 1 1 1 1 1 1
0040 panda_437622_659.root 1 1 1 1 1 1
0040 panda_437622_66.root 1 1 1 1 1 1
0040 panda_437622_660.root 1 1 1 1 1 1
0040 panda_437622_665.root 1 1 1 1 1 1
0040 panda_437622_666.root 1 1 1 1 1 1
0040 panda_437622_669.root 1 1 1 1 1 1
0040 panda_437622_67.root 1 1 1 1 1 1
0040 panda_437622_670.root 1 1 1 1 1 1
0040 panda_437622_671.root 1 1 1 1 1 1
0040 panda_437622_673.root 1 1 1 1 1 1
0041 panda_437622_675.root 1 1 1 1 1 1
0041 panda_437622_676.root 1 1 1 1 1 1
0041 panda_437622_677.root 1 1 1 1 1 1
0041 panda_437622_678.root 1 1 1 1 1 1
0041 panda_437622_679.root 1 1 1 1 1 1
0041 panda_437622_68.root 1 1 1 1 1 1
0041 panda_437622_681.root 1 1 1 1 1 1
0041 panda_437622_682.root 1 1 1 1 1 1
0041 panda_437622_683.root 1 1 1 1 1 1
0041 panda_437622_684.root 1 1 1 1 1 1
0041 panda_437622_688.root 1 1 1 1 1 1
0041 panda_437622_69.root 1 1 1 1 1 1
0041 panda_437622_690.root 1 1 1 1 1 1
0041 panda_437622_692.root 1 1 1 1 1 1
0041 panda_437622_694.root 1 1 1 1 1 1
0041 panda_437622_695.root 1 1 1 1 1 1
0041 panda_437622_697.root 1 1 1 1 1 1
0041 panda_437622_698.root 1 1 1 1 1 1
0041 panda_437622_7.root 1 1 1 1 1 1
0041 panda_437622_700.root 1 1 1 1 1 1
0042 panda_437622_702.root 1 1 1 1 1 1
0042 panda_437622_703.root 1 1 1 1 1 1
0042 panda_437622_706.root 1 1 1 1 1 1
0042 panda_437622_707.root 1 1 1 1 1 1
0042 panda_437622_708.root 1 1 1 1 1 1
0042 panda_437622_709.root 1 1 1 1 1 1
0042 panda_437622_71.root 1 1 1 1 1 1
0042 panda_437622_710.root 1 1 1 1 1 1
0042 panda_437622_712.root 1 1 1 1 1 1
0042 panda_437622_713.root 1 1 1 1 1 1
0042 panda_437622_714.root 1 1 1 1 1 1
0042 panda_437622_715.root 1 1 1 1 1 1
0042 panda_437622_716.root 1 1 1 1 1 1
0042 panda_437622_717.root 1 1 1 1 1 1
0042 panda_437622_718.root 1 1 1 1 1 1
0042 panda_437622_719.root 1 1 1 1 1 1
0042 panda_437622_72.root 1 1 1 1 1 1
0042 panda_437622_721.root 1 1 1 1 1 1
0042 panda_437622_722.root 1 1 1 1 1 1
0042 panda_437622_725.root 1 1 1 1 1 1
0043 panda_437622_727.root 1 1 1 1 1 1
0043 panda_437622_73.root 1 1 1 1 1 1
0043 panda_437622_732.root 1 1 1 1 1 1
0043 panda_437622_735.root 1 1 1 1 1 1
0043 panda_437622_736.root 1 1 1 1 1 1
0043 panda_437622_737.root 1 1 1 1 1 1
0043 panda_437622_738.root 1 1 1 1 1 1
0043 panda_437622_739.root 1 1 1 1 1 1
0043 panda_437622_74.root 1 1 1 1 1 1
0043 panda_437622_740.root 1 1 1 1 1 1
0043 panda_437622_741.root 1 1 1 1 1 1
0043 panda_437622_742.root 1 1 1 1 1 1
0043 panda_437622_743.root 1 1 1 1 1 1
0043 panda_437622_744.root 1 1 1 1 1 1
0043 panda_437622_745.root 1 1 1 1 1 1
0043 panda_437622_746.root 1 1 1 1 1 1
0043 panda_437622_747.root 1 1 1 1 1 1
0043 panda_437622_748.root 1 1 1 1 1 1
0043 panda_437622_749.root 1 1 1 1 1 1
0043 panda_437622_75.root 1 1 1 1 1 1
0044 panda_437622_751.root 1 1 1 1 1 1
0044 panda_437622_752.root 1 1 1 1 1 1
0044 panda_437622_753.root 1 1 1 1 1 1
0044 panda_437622_754.root 1 1 1 1 1 1
0044 panda_437622_756.root 1 1 1 1 1 1
0044 panda_437622_757.root 1 1 1 1 1 1
0044 panda_437622_76.root 1 1 1 1 1 1
0044 panda_437622_766.root 1 1 1 1 1 1
0044 panda_437622_767.root 1 1 1 1 1 1
0044 panda_437622_768.root 1 1 1 1 1 1
0044 panda_437622_769.root 1 1 1 1 1 1
0044 panda_437622_770.root 1 1 1 1 1 1
0044 panda_437622_771.root 1 1 1 1 1 1
0044 panda_437622_772.root 1 1 1 1 1 1
0044 panda_437622_773.root 1 1 1 1 1 1
0044 panda_437622_774.root 1 1 1 1 1 1
0044 panda_437622_775.root 1 1 1 1 1 1
0044 panda_437622_776.root 1 1 1 1 1 1
0044 panda_437622_777.root 1 1 1 1 1 1
0044 panda_437622_778.root 1 1 1 1 1 1
0045 panda_437622_779.root 1 1 1 1 1 1
0045 panda_437622_78.root 1 1 1 1 1 1
0045 panda_437622_780.root 1 1 1 1 1 1
0045 panda_437622_781.root 1 1 1 1 1 1
0045 panda_437622_782.root 1 1 1 1 1 1
0045 panda_437622_783.root 1 1 1 1 1 1
0045 panda_437622_784.root 1 1 1 1 1 1
0045 panda_437622_785.root 1 1 1 1 1 1
0045 panda_437622_787.root 1 1 1 1 1 1
0045 panda_437622_788.root 1 1 1 1 1 1
0045 panda_437622_79.root 1 1 1 1 1 1
0045 panda_437622_790.root 1 1 1 1 1 1
0045 panda_437622_791.root 1 1 1 1 1 1
0045 panda_437622_792.root 1 1 1 1 1 1
0045 panda_437622_793.root 1 1 1 1 1 1
0045 panda_437622_796.root 1 1 1 1 1 1
0045 panda_437622_797.root 1 1 1 1 1 1
0045 panda_437622_8.root 1 1 1 1 1 1
0045 panda_437622_801.root 1 1 1 1 1 1
0045 panda_437622_805.root 1 1 1 1 1 1
0046 panda_437622_807.root 1 1 1 1 1 1
0046 panda_437622_808.root 1 1 1 1 1 1
0046 panda_437622_81.root 1 1 1 1 1 1
0046 panda_437622_811.root 1 1 1 1 1 1
0046 panda_437622_812.root 1 1 1 1 1 1
0046 panda_437622_813.root 1 1 1 1 1 1
0046 panda_437622_818.root 1 1 1 1 1 1
0046 panda_437622_82.root 1 1 1 1 1 1
0046 panda_437622_820.root 1 1 1 1 1 1
0046 panda_437622_821.root 1 1 1 1 1 1
0046 panda_437622_823.root 1 1 1 1 1 1
0046 panda_437622_824.root 1 1 1 1 1 1
0046 panda_437622_825.root 1 1 1 1 1 1
0046 panda_437622_828.root 1 1 1 1 1 1
0046 panda_437622_83.root 1 1 1 1 1 1
0046 panda_437622_830.root 1 1 1 1 1 1
0046 panda_437622_832.root 1 1 1 1 1 1
0046 panda_437622_833.root 1 1 1 1 1 1
0046 panda_437622_834.root 1 1 1 1 1 1
0046 panda_437622_835.root 1 1 1 1 1 1
0047 panda_437622_836.root 1 1 1 1 1 1
0047 panda_437622_837.root 1 1 1 1 1 1
0047 panda_437622_838.root 1 1 1 1 1 1
0047 panda_437622_839.root 1 1 1 1 1 1
0047 panda_437622_84.root 1 1 1 1 1 1
0047 panda_437622_840.root 1 1 1 1 1 1
0047 panda_437622_841.root 1 1 1 1 1 1
0047 panda_437622_843.root 1 1 1 1 1 1
0047 panda_437622_844.root 1 1 1 1 1 1
0047 panda_437622_845.root 1 1 1 1 1 1
0047 panda_437622_846.root 1 1 1 1 1 1
0047 panda_437622_847.root 1 1 1 1 1 1
0047 panda_437622_848.root 1 1 1 1 1 1
0047 panda_437622_849.root 1 1 1 1 1 1
0047 panda_437622_851.root 1 1 1 1 1 1
0047 panda_437622_852.root 1 1 1 1 1 1
0047 panda_437622_853.root 1 1 1 1 1 1
0047 panda_437622_854.root 1 1 1 1 1 1
0047 panda_437622_855.root 1 1 1 1 1 1
0047 panda_437622_857.root 1 1 1 1 1 1
0048 panda_437622_858.root 1 1 1 1 1 1
0048 panda_437622_859.root 1 1 1 1 1 1
0048 panda_437622_86.root 1 1 1 1 1 1
0048 panda_437622_862.root 1 1 1 1 1 1
0048 panda_437622_864.root 1 1 1 1 1 1
0048 panda_437622_865.root 1 1 1 1 1 1
0048 panda_437622_866.root 1 1 1 1 1 1
0048 panda_437622_867.root 1 1 1 1 1 1
0048 panda_437622_87.root 1 1 1 1 1 1
0048 panda_437622_873.root 1 1 1 1 1 1
0048 panda_437622_874.root 1 1 1 1 1 1
0048 panda_437622_876.root 1 1 1 1 1 1
0048 panda_437622_879.root 1 1 1 1 1 1
0048 panda_437622_88.root 1 1 1 1 1 1
0048 panda_437622_880.root 1 1 1 1 1 1
0048 panda_437622_881.root 1 1 1 1 1 1
0048 panda_437622_882.root 1 1 1 1 1 1
0048 panda_437622_883.root 1 1 1 1 1 1
0048 panda_437622_888.root 1 1 1 1 1 1
0048 panda_437622_89.root 1 1 1 1 1 1
0049 panda_437622_890.root 1 1 1 1 1 1
0049 panda_437622_892.root 1 1 1 1 1 1
0049 panda_437622_899.root 1 1 1 1 1 1
0049 panda_437622_9.root 1 1 1 1 1 1
0049 panda_437622_90.root 1 1 1 1 1 1
0049 panda_437622_902.root 1 1 1 1 1 1
0049 panda_437622_903.root 1 1 1 1 1 1
0049 panda_437622_906.root 1 1 1 1 1 1
0049 panda_437622_907.root 1 1 1 1 1 1
0049 panda_437622_909.root 1 1 1 1 1 1
0049 panda_437622_91.root 1 1 1 1 1 1
0049 panda_437622_911.root 1 1 1 1 1 1
0049 panda_437622_912.root 1 1 1 1 1 1
0049 panda_437622_913.root 1 1 1 1 1 1
0049 panda_437622_914.root 1 1 1 1 1 1
0049 panda_437622_915.root 1 1 1 1 1 1
0049 panda_437622_916.root 1 1 1 1 1 1
0049 panda_437622_917.root 1 1 1 1 1 1
0049 panda_437622_919.root 1 1 1 1 1 1
0049 panda_437622_92.root 1 1 1 1 1 1
0050 panda_437622_921.root 1 1 1 1 1 1
0050 panda_437622_924.root 1 1 1 1 1 1
0050 panda_437622_926.root 1 1 1 1 1 1
0050 panda_437622_928.root 1 1 1 1 1 1
0050 panda_437622_93.root 1 1 1 1 1 1
0050 panda_437622_931.root 1 1 1 1 1 1
0050 panda_437622_934.root 1 1 1 1 1 1
0050 panda_437622_938.root 1 1 1 1 1 1
0050 panda_437622_94.root 1 1 1 1 1 1
0050 panda_437622_941.root 1 1 1 1 1 1
0050 panda_437622_942.root 1 1 1 1 1 1
0050 panda_437622_943.root 1 1 1 1 1 1
0050 panda_437622_944.root 1 1 1 1 1 1
0050 panda_437622_945.root 1 1 1 1 1 1
0050 panda_437622_95.root 1 1 1 1 1 1
0050 panda_437622_951.root 1 1 1 1 1 1
0050 panda_437622_952.root 1 1 1 1 1 1
0050 panda_437622_953.root 1 1 1 1 1 1
0050 panda_437622_954.root 1 1 1 1 1 1
0050 panda_437622_955.root 1 1 1 1 1 1
0051 panda_437622_956.root 1 1 1 1 1 1
0051 panda_437622_957.root 1 1 1 1 1 1
0051 panda_437622_958.root 1 1 1 1 1 1
0051 panda_437622_959.root 1 1 1 1 1 1
0051 panda_437622_96.root 1 1 1 1 1 1
0051 panda_437622_960.root 1 1 1 1 1 1
0051 panda_437622_961.root 1 1 1 1 1 1
0051 panda_437622_962.root 1 1 1 1 1 1
0051 panda_437622_963.root 1 1 1 1 1 1
0051 panda_437622_965.root 1 1 1 1 1 1
0051 panda_437622_966.root 1 1 1 1 1 1
0051 panda_437622_967.root 1 1 1 1 1 1
0051 panda_437622_968.root 1 1 1 1 1 1
0051 panda_437622_969.root 1 1 1 1 1 1
0051 panda_437622_97.root 1 1 1 1 1 1
0051 panda_437622_971.root 1 1 1 1 1 1
0051 panda_437622_972.root 1 1 1 1 1 1
0051 panda_437622_973.root 1 1 1 1 1 1
0051 panda_437622_974.root 1 1 1 1 1 1
0051 panda_437622_975.root 1 1 1 1 1 1
0052 panda_437622_976.root 1 1 1 1 1 1
0052 panda_437622_977.root 1 1 1 1 1 1
0052 panda_437622_978.root 1 1 1 1 1 1
0052 panda_437622_979.root 1 1 1 1 1 1
0052 panda_437622_98.root 1 1 1 1 1 1
0052 panda_437622_980.root 1 1 1 1 1 1
0052 panda_437622_981.root 1 1 1 1 1 1
0052 panda_437622_982.root 1 1 1 1 1 1
0052 panda_437622_984.root 1 1 1 1 1 1
0052 panda_437622_985.root 1 1 1 1 1 1
0052 panda_437622_987.root 1 1 1 1 1 1
0052 panda_437622_988.root 1 1 1 1 1 1
0052 panda_437622_989.root 1 1 1 1 1 1
0052 panda_437622_99.root 1 1 1 1 1 1
0052 panda_437622_990.root 1 1 1 1 1 1
0052 panda_437622_991.root 1 1 1 1 1 1
0052 panda_437622_992.root 1 1 1 1 1 1
0052 panda_437622_993.root 1 1 1 1 1 1
0052 panda_437622_994.root 1 1 1 1 1 1
0052 panda_437622_995.root 1 1 1 1 1 1
0053 panda_437622_998.root 1 1 1 1 1 1
0053 panda_437622_999.root 1 1 1 1 1 1
