0000 panda_437726_0.root 1 1 1 1 1 1
0000 panda_437726_149.root 1 1 1 1 1 1
0000 panda_437726_150.root 1 1 1 1 1 1
0000 panda_437726_152.root 1 1 1 1 1 1
0000 panda_437726_153.root 1 1 1 1 1 1
0000 panda_437726_154.root 1 1 1 1 1 1
0000 panda_437726_155.root 1 1 1 1 1 1
0000 panda_437726_156.root 1 1 1 1 1 1
0000 panda_437726_157.root 1 1 1 1 1 1
0000 panda_437726_158.root 1 1 1 1 1 1
0000 panda_437726_161.root 1 1 1 1 1 1
0000 panda_437726_170.root 1 1 1 1 1 1
0000 panda_437726_171.root 1 1 1 1 1 1
0000 panda_437726_176.root 1 1 1 1 1 1
0000 panda_437726_177.root 1 1 1 1 1 1
0000 panda_437726_178.root 1 1 1 1 1 1
0000 panda_437726_179.root 1 1 1 1 1 1
0000 panda_437726_180.root 1 1 1 1 1 1
0000 panda_437726_181.root 1 1 1 1 1 1
0000 panda_437726_182.root 1 1 1 1 1 1
0001 panda_437726_183.root 1 1 1 1 1 1
0001 panda_437726_184.root 1 1 1 1 1 1
0001 panda_437726_185.root 1 1 1 1 1 1
0001 panda_437726_186.root 1 1 1 1 1 1
0001 panda_437726_187.root 1 1 1 1 1 1
0001 panda_437726_188.root 1 1 1 1 1 1
0001 panda_437726_189.root 1 1 1 1 1 1
0001 panda_437726_190.root 1 1 1 1 1 1
0001 panda_437726_191.root 1 1 1 1 1 1
0001 panda_437726_192.root 1 1 1 1 1 1
0001 panda_437726_193.root 1 1 1 1 1 1
0001 panda_437726_194.root 1 1 1 1 1 1
0001 panda_437726_195.root 1 1 1 1 1 1
0001 panda_437726_196.root 1 1 1 1 1 1
0001 panda_437726_197.root 1 1 1 1 1 1
0001 panda_437726_198.root 1 1 1 1 1 1
0001 panda_437726_199.root 1 1 1 1 1 1
0001 panda_437726_200.root 1 1 1 1 1 1
0001 panda_437726_201.root 1 1 1 1 1 1
0001 panda_437726_202.root 1 1 1 1 1 1
0002 panda_437726_203.root 1 1 1 1 1 1
0002 panda_437726_204.root 1 1 1 1 1 1
0002 panda_437726_205.root 1 1 1 1 1 1
0002 panda_437726_208.root 1 1 1 1 1 1
0002 panda_437726_210.root 1 1 1 1 1 1
0002 panda_437726_211.root 1 1 1 1 1 1
0002 panda_437726_212.root 1 1 1 1 1 1
0002 panda_437726_214.root 1 1 1 1 1 1
0002 panda_437726_215.root 1 1 1 1 1 1
0002 panda_437726_216.root 1 1 1 1 1 1
0002 panda_437726_218.root 1 1 1 1 1 1
0002 panda_437726_219.root 1 1 1 1 1 1
0002 panda_437726_220.root 1 1 1 1 1 1
0002 panda_437726_221.root 1 1 1 1 1 1
0002 panda_437726_222.root 1 1 1 1 1 1
0002 panda_437726_225.root 1 1 1 1 1 1
0002 panda_437726_226.root 1 1 1 1 1 1
0002 panda_437726_227.root 1 1 1 1 1 1
0002 panda_437726_228.root 1 1 1 1 1 1
0002 panda_437726_229.root 1 1 1 1 1 1
0003 panda_437726_230.root 1 1 1 1 1 1
0003 panda_437726_235.root 1 1 1 1 1 1
0003 panda_437726_236.root 1 1 1 1 1 1
0003 panda_437726_238.root 1 1 1 1 1 1
0003 panda_437726_239.root 1 1 1 1 1 1
0003 panda_437726_244.root 1 1 1 1 1 1
0003 panda_437726_318.root 1 1 1 1 1 1
0003 panda_437726_319.root 1 1 1 1 1 1
0003 panda_437726_320.root 1 1 1 1 1 1
0003 panda_437726_462.root 1 1 1 1 1 1
0003 panda_437726_463.root 1 1 1 1 1 1
0003 panda_437726_465.root 1 1 1 1 1 1
0003 panda_437726_466.root 1 1 1 1 1 1
0003 panda_437726_49.root 1 1 1 1 1 1
0003 panda_437726_50.root 1 1 1 1 1 1
0003 panda_437726_51.root 1 1 1 1 1 1
0003 panda_437726_629.root 1 1 1 1 1 1
0003 panda_437726_630.root 1 1 1 1 1 1
0003 panda_437726_631.root 1 1 1 1 1 1
0003 panda_437726_632.root 1 1 1 1 1 1
0004 panda_437726_633.root 1 1 1 1 1 1
0004 panda_437726_634.root 1 1 1 1 1 1
0004 panda_437726_635.root 1 1 1 1 1 1
0004 panda_437726_636.root 1 1 1 1 1 1
0004 panda_437726_638.root 1 1 1 1 1 1
0004 panda_437726_639.root 1 1 1 1 1 1
0004 panda_437726_640.root 1 1 1 1 1 1
0004 panda_437726_642.root 1 1 1 1 1 1
0004 panda_437726_644.root 1 1 1 1 1 1
0004 panda_437726_646.root 1 1 1 1 1 1
0004 panda_437726_648.root 1 1 1 1 1 1
0004 panda_437726_649.root 1 1 1 1 1 1
0004 panda_437726_650.root 1 1 1 1 1 1
0004 panda_437726_651.root 1 1 1 1 1 1
0004 panda_437726_652.root 1 1 1 1 1 1
0004 panda_437726_653.root 1 1 1 1 1 1
0004 panda_437726_655.root 1 1 1 1 1 1
0004 panda_437726_656.root 1 1 1 1 1 1
0004 panda_437726_657.root 1 1 1 1 1 1
0004 panda_437726_658.root 1 1 1 1 1 1
0005 panda_437726_659.root 1 1 1 1 1 1
0005 panda_437726_660.root 1 1 1 1 1 1
0005 panda_437726_661.root 1 1 1 1 1 1
0005 panda_437726_662.root 1 1 1 1 1 1
0005 panda_437726_664.root 1 1 1 1 1 1
0005 panda_437726_665.root 1 1 1 1 1 1
0005 panda_437726_666.root 1 1 1 1 1 1
0005 panda_437726_667.root 1 1 1 1 1 1
0005 panda_437726_668.root 1 1 1 1 1 1
0005 panda_437726_669.root 1 1 1 1 1 1
0005 panda_437726_672.root 1 1 1 1 1 1
0005 panda_437726_677.root 1 1 1 1 1 1
0005 panda_437726_678.root 1 1 1 1 1 1
0005 panda_437726_679.root 1 1 1 1 1 1
0005 panda_437726_681.root 1 1 1 1 1 1
0005 panda_437726_684.root 1 1 1 1 1 1
0005 panda_437726_687.root 1 1 1 1 1 1
0005 panda_437726_725.root 1 1 1 1 1 1
0005 panda_437726_726.root 1 1 1 1 1 1
0005 panda_437726_727.root 1 1 1 1 1 1
0006 panda_437726_775.root 1 1 1 1 1 1
0006 panda_437726_779.root 1 1 1 1 1 1
0006 panda_437726_781.root 1 1 1 1 1 1
0006 panda_437726_782.root 1 1 1 1 1 1
0006 panda_437726_783.root 1 1 1 1 1 1
0006 panda_437726_784.root 1 1 1 1 1 1
0006 panda_437726_785.root 1 1 1 1 1 1
0006 panda_437726_786.root 1 1 1 1 1 1
0006 panda_437726_787.root 1 1 1 1 1 1
0006 panda_437726_788.root 1 1 1 1 1 1
0006 panda_437726_789.root 1 1 1 1 1 1
0006 panda_437726_790.root 1 1 1 1 1 1
0006 panda_437726_793.root 1 1 1 1 1 1
0006 panda_437726_796.root 1 1 1 1 1 1
0006 panda_437726_799.root 1 1 1 1 1 1
