0000 1A6795EfcB48Cbd2.root 1 1 1 1 1 1
0000 264d83cB0EA5fCe9.root 1 1 1 1 1 1
0000 3695E870A4DeCdb2.root 1 1 1 1 1 1
0000 3CefacAd4B17968F.root 1 1 1 1 1 1
0000 5BFA6C8D7de2c039.root 1 1 1 1 1 1
0000 7Cd3a10BcE6D8f52.root 1 1 1 1 1 1
0000 9EeA8a53fd01b246.root 1 1 1 1 1 1
0000 9a43eC1Ebc2F6dB7.root 1 1 1 1 1 1
0000 D76Bb8AFcE310Cf9.root 1 1 1 1 1 1
0000 DaC6709Fb32A8B4e.root 1 1 1 1 1 1
0001 FB3bEac7C4D65e98.root 1 1 1 1 1 1
0001 aAf5c308D2eCF461.root 1 1 1 1 1 1
0001 b6AFE945acdf10DC.root 1 1 1 1 1 1
0001 d3aE624F1Bc9e785.root 1 1 1 1 1 1
0001 e7DA3E16a40cCbBf.root 1 1 1 1 1 1
0001 eC5c46E23D107BF9.root 1 1 1 1 1 1
0001 eaB6853A04bC21Dd.root 1 1 1 1 1 1
0001 f91Bd0a852Abc34e.root 1 1 1 1 1 1
