0000 panda_437621_0.root 1 1 1 1 1 1
0000 panda_437621_1.root 1 1 1 1 1 1
0000 panda_437621_10.root 1 1 1 1 1 1
0000 panda_437621_100.root 1 1 1 1 1 1
0000 panda_437621_1000.root 1 1 1 1 1 1
0000 panda_437621_1001.root 1 1 1 1 1 1
0000 panda_437621_1002.root 1 1 1 1 1 1
0000 panda_437621_1003.root 1 1 1 1 1 1
0000 panda_437621_1004.root 1 1 1 1 1 1
0000 panda_437621_1005.root 1 1 1 1 1 1
0000 panda_437621_1006.root 1 1 1 1 1 1
0000 panda_437621_1007.root 1 1 1 1 1 1
0000 panda_437621_1008.root 1 1 1 1 1 1
0000 panda_437621_1009.root 1 1 1 1 1 1
0000 panda_437621_101.root 1 1 1 1 1 1
0000 panda_437621_1010.root 1 1 1 1 1 1
0000 panda_437621_1011.root 1 1 1 1 1 1
0000 panda_437621_1012.root 1 1 1 1 1 1
0000 panda_437621_1013.root 1 1 1 1 1 1
0000 panda_437621_1014.root 1 1 1 1 1 1
0001 panda_437621_1015.root 1 1 1 1 1 1
0001 panda_437621_1016.root 1 1 1 1 1 1
0001 panda_437621_1017.root 1 1 1 1 1 1
0001 panda_437621_1018.root 1 1 1 1 1 1
0001 panda_437621_1019.root 1 1 1 1 1 1
0001 panda_437621_102.root 1 1 1 1 1 1
0001 panda_437621_1020.root 1 1 1 1 1 1
0001 panda_437621_1021.root 1 1 1 1 1 1
0001 panda_437621_1022.root 1 1 1 1 1 1
0001 panda_437621_1023.root 1 1 1 1 1 1
0001 panda_437621_1024.root 1 1 1 1 1 1
0001 panda_437621_1025.root 1 1 1 1 1 1
0001 panda_437621_1027.root 1 1 1 1 1 1
0001 panda_437621_1028.root 1 1 1 1 1 1
0001 panda_437621_1029.root 1 1 1 1 1 1
0001 panda_437621_103.root 1 1 1 1 1 1
0001 panda_437621_1030.root 1 1 1 1 1 1
0001 panda_437621_1031.root 1 1 1 1 1 1
0001 panda_437621_1033.root 1 1 1 1 1 1
0001 panda_437621_1034.root 1 1 1 1 1 1
0002 panda_437621_1035.root 1 1 1 1 1 1
0002 panda_437621_1036.root 1 1 1 1 1 1
0002 panda_437621_1037.root 1 1 1 1 1 1
0002 panda_437621_1038.root 1 1 1 1 1 1
0002 panda_437621_1039.root 1 1 1 1 1 1
0002 panda_437621_104.root 1 1 1 1 1 1
0002 panda_437621_1040.root 1 1 1 1 1 1
0002 panda_437621_1041.root 1 1 1 1 1 1
0002 panda_437621_1042.root 1 1 1 1 1 1
0002 panda_437621_1043.root 1 1 1 1 1 1
0002 panda_437621_1044.root 1 1 1 1 1 1
0002 panda_437621_1045.root 1 1 1 1 1 1
0002 panda_437621_1046.root 1 1 1 1 1 1
0002 panda_437621_1047.root 1 1 1 1 1 1
0002 panda_437621_1048.root 1 1 1 1 1 1
0002 panda_437621_1049.root 1 1 1 1 1 1
0002 panda_437621_105.root 1 1 1 1 1 1
0002 panda_437621_1050.root 1 1 1 1 1 1
0002 panda_437621_1052.root 1 1 1 1 1 1
0002 panda_437621_1053.root 1 1 1 1 1 1
0003 panda_437621_1054.root 1 1 1 1 1 1
0003 panda_437621_1055.root 1 1 1 1 1 1
0003 panda_437621_1056.root 1 1 1 1 1 1
0003 panda_437621_1057.root 1 1 1 1 1 1
0003 panda_437621_1058.root 1 1 1 1 1 1
0003 panda_437621_1059.root 1 1 1 1 1 1
0003 panda_437621_106.root 1 1 1 1 1 1
0003 panda_437621_1060.root 1 1 1 1 1 1
0003 panda_437621_1061.root 1 1 1 1 1 1
0003 panda_437621_1062.root 1 1 1 1 1 1
0003 panda_437621_1063.root 1 1 1 1 1 1
0003 panda_437621_1065.root 1 1 1 1 1 1
0003 panda_437621_1066.root 1 1 1 1 1 1
0003 panda_437621_1067.root 1 1 1 1 1 1
0003 panda_437621_107.root 1 1 1 1 1 1
0003 panda_437621_1072.root 1 1 1 1 1 1
0003 panda_437621_1073.root 1 1 1 1 1 1
0003 panda_437621_1074.root 1 1 1 1 1 1
0003 panda_437621_1076.root 1 1 1 1 1 1
0003 panda_437621_1077.root 1 1 1 1 1 1
0004 panda_437621_1078.root 1 1 1 1 1 1
0004 panda_437621_108.root 1 1 1 1 1 1
0004 panda_437621_1082.root 1 1 1 1 1 1
0004 panda_437621_1083.root 1 1 1 1 1 1
0004 panda_437621_1084.root 1 1 1 1 1 1
0004 panda_437621_1088.root 1 1 1 1 1 1
0004 panda_437621_109.root 1 1 1 1 1 1
0004 panda_437621_1090.root 1 1 1 1 1 1
0004 panda_437621_1092.root 1 1 1 1 1 1
0004 panda_437621_1093.root 1 1 1 1 1 1
0004 panda_437621_1094.root 1 1 1 1 1 1
0004 panda_437621_1096.root 1 1 1 1 1 1
0004 panda_437621_11.root 1 1 1 1 1 1
0004 panda_437621_1100.root 1 1 1 1 1 1
0004 panda_437621_1105.root 1 1 1 1 1 1
0004 panda_437621_1107.root 1 1 1 1 1 1
0004 panda_437621_111.root 1 1 1 1 1 1
0004 panda_437621_1111.root 1 1 1 1 1 1
0004 panda_437621_1114.root 1 1 1 1 1 1
0004 panda_437621_1115.root 1 1 1 1 1 1
0005 panda_437621_1117.root 1 1 1 1 1 1
0005 panda_437621_112.root 1 1 1 1 1 1
0005 panda_437621_1122.root 1 1 1 1 1 1
0005 panda_437621_113.root 1 1 1 1 1 1
0005 panda_437621_1130.root 1 1 1 1 1 1
0005 panda_437621_1138.root 1 1 1 1 1 1
0005 panda_437621_1139.root 1 1 1 1 1 1
0005 panda_437621_1140.root 1 1 1 1 1 1
0005 panda_437621_1141.root 1 1 1 1 1 1
0005 panda_437621_1142.root 1 1 1 1 1 1
0005 panda_437621_1143.root 1 1 1 1 1 1
0005 panda_437621_1144.root 1 1 1 1 1 1
0005 panda_437621_1145.root 1 1 1 1 1 1
0005 panda_437621_1146.root 1 1 1 1 1 1
0005 panda_437621_1147.root 1 1 1 1 1 1
0005 panda_437621_1148.root 1 1 1 1 1 1
0005 panda_437621_1149.root 1 1 1 1 1 1
0005 panda_437621_115.root 1 1 1 1 1 1
0005 panda_437621_1150.root 1 1 1 1 1 1
0005 panda_437621_1151.root 1 1 1 1 1 1
0006 panda_437621_1152.root 1 1 1 1 1 1
0006 panda_437621_1153.root 1 1 1 1 1 1
0006 panda_437621_1154.root 1 1 1 1 1 1
0006 panda_437621_1155.root 1 1 1 1 1 1
0006 panda_437621_1156.root 1 1 1 1 1 1
0006 panda_437621_1157.root 1 1 1 1 1 1
0006 panda_437621_1158.root 1 1 1 1 1 1
0006 panda_437621_1159.root 1 1 1 1 1 1
0006 panda_437621_116.root 1 1 1 1 1 1
0006 panda_437621_1160.root 1 1 1 1 1 1
0006 panda_437621_1161.root 1 1 1 1 1 1
0006 panda_437621_1162.root 1 1 1 1 1 1
0006 panda_437621_1163.root 1 1 1 1 1 1
0006 panda_437621_1164.root 1 1 1 1 1 1
0006 panda_437621_1165.root 1 1 1 1 1 1
0006 panda_437621_1166.root 1 1 1 1 1 1
0006 panda_437621_1167.root 1 1 1 1 1 1
0006 panda_437621_1168.root 1 1 1 1 1 1
0006 panda_437621_1169.root 1 1 1 1 1 1
0006 panda_437621_117.root 1 1 1 1 1 1
0007 panda_437621_1170.root 1 1 1 1 1 1
0007 panda_437621_1172.root 1 1 1 1 1 1
0007 panda_437621_1173.root 1 1 1 1 1 1
0007 panda_437621_1174.root 1 1 1 1 1 1
0007 panda_437621_1175.root 1 1 1 1 1 1
0007 panda_437621_1176.root 1 1 1 1 1 1
0007 panda_437621_1177.root 1 1 1 1 1 1
0007 panda_437621_1178.root 1 1 1 1 1 1
0007 panda_437621_1179.root 1 1 1 1 1 1
0007 panda_437621_118.root 1 1 1 1 1 1
0007 panda_437621_1180.root 1 1 1 1 1 1
0007 panda_437621_1182.root 1 1 1 1 1 1
0007 panda_437621_1183.root 1 1 1 1 1 1
0007 panda_437621_1184.root 1 1 1 1 1 1
0007 panda_437621_1185.root 1 1 1 1 1 1
0007 panda_437621_1186.root 1 1 1 1 1 1
0007 panda_437621_1187.root 1 1 1 1 1 1
0007 panda_437621_1188.root 1 1 1 1 1 1
0007 panda_437621_119.root 1 1 1 1 1 1
0007 panda_437621_1190.root 1 1 1 1 1 1
0008 panda_437621_1191.root 1 1 1 1 1 1
0008 panda_437621_1192.root 1 1 1 1 1 1
0008 panda_437621_1193.root 1 1 1 1 1 1
0008 panda_437621_1194.root 1 1 1 1 1 1
0008 panda_437621_1195.root 1 1 1 1 1 1
0008 panda_437621_1196.root 1 1 1 1 1 1
0008 panda_437621_1197.root 1 1 1 1 1 1
0008 panda_437621_1198.root 1 1 1 1 1 1
0008 panda_437621_1199.root 1 1 1 1 1 1
0008 panda_437621_12.root 1 1 1 1 1 1
0008 panda_437621_1200.root 1 1 1 1 1 1
0008 panda_437621_1201.root 1 1 1 1 1 1
0008 panda_437621_1202.root 1 1 1 1 1 1
0008 panda_437621_1203.root 1 1 1 1 1 1
0008 panda_437621_1204.root 1 1 1 1 1 1
0008 panda_437621_1205.root 1 1 1 1 1 1
0008 panda_437621_1206.root 1 1 1 1 1 1
0008 panda_437621_1207.root 1 1 1 1 1 1
0008 panda_437621_1208.root 1 1 1 1 1 1
0008 panda_437621_1209.root 1 1 1 1 1 1
0009 panda_437621_121.root 1 1 1 1 1 1
0009 panda_437621_1210.root 1 1 1 1 1 1
0009 panda_437621_1211.root 1 1 1 1 1 1
0009 panda_437621_1212.root 1 1 1 1 1 1
0009 panda_437621_1213.root 1 1 1 1 1 1
0009 panda_437621_1214.root 1 1 1 1 1 1
0009 panda_437621_1215.root 1 1 1 1 1 1
0009 panda_437621_1217.root 1 1 1 1 1 1
0009 panda_437621_1218.root 1 1 1 1 1 1
0009 panda_437621_1219.root 1 1 1 1 1 1
0009 panda_437621_122.root 1 1 1 1 1 1
0009 panda_437621_1221.root 1 1 1 1 1 1
0009 panda_437621_1222.root 1 1 1 1 1 1
0009 panda_437621_1223.root 1 1 1 1 1 1
0009 panda_437621_1224.root 1 1 1 1 1 1
0009 panda_437621_1225.root 1 1 1 1 1 1
0009 panda_437621_1226.root 1 1 1 1 1 1
0009 panda_437621_1227.root 1 1 1 1 1 1
0009 panda_437621_123.root 1 1 1 1 1 1
0009 panda_437621_1230.root 1 1 1 1 1 1
0010 panda_437621_1234.root 1 1 1 1 1 1
0010 panda_437621_1235.root 1 1 1 1 1 1
0010 panda_437621_1236.root 1 1 1 1 1 1
0010 panda_437621_124.root 1 1 1 1 1 1
0010 panda_437621_1241.root 1 1 1 1 1 1
0010 panda_437621_1242.root 1 1 1 1 1 1
0010 panda_437621_1243.root 1 1 1 1 1 1
0010 panda_437621_1244.root 1 1 1 1 1 1
0010 panda_437621_1247.root 1 1 1 1 1 1
0010 panda_437621_1248.root 1 1 1 1 1 1
0010 panda_437621_1249.root 1 1 1 1 1 1
0010 panda_437621_125.root 1 1 1 1 1 1
0010 panda_437621_1250.root 1 1 1 1 1 1
0010 panda_437621_1251.root 1 1 1 1 1 1
0010 panda_437621_1252.root 1 1 1 1 1 1
0010 panda_437621_1254.root 1 1 1 1 1 1
0010 panda_437621_1255.root 1 1 1 1 1 1
0010 panda_437621_1256.root 1 1 1 1 1 1
0010 panda_437621_1257.root 1 1 1 1 1 1
0010 panda_437621_1258.root 1 1 1 1 1 1
0011 panda_437621_1259.root 1 1 1 1 1 1
0011 panda_437621_126.root 1 1 1 1 1 1
0011 panda_437621_1260.root 1 1 1 1 1 1
0011 panda_437621_1261.root 1 1 1 1 1 1
0011 panda_437621_1262.root 1 1 1 1 1 1
0011 panda_437621_1263.root 1 1 1 1 1 1
0011 panda_437621_1264.root 1 1 1 1 1 1
0011 panda_437621_1265.root 1 1 1 1 1 1
0011 panda_437621_1266.root 1 1 1 1 1 1
0011 panda_437621_1268.root 1 1 1 1 1 1
0011 panda_437621_1269.root 1 1 1 1 1 1
0011 panda_437621_127.root 1 1 1 1 1 1
0011 panda_437621_1270.root 1 1 1 1 1 1
0011 panda_437621_1271.root 1 1 1 1 1 1
0011 panda_437621_1272.root 1 1 1 1 1 1
0011 panda_437621_1273.root 1 1 1 1 1 1
0011 panda_437621_1274.root 1 1 1 1 1 1
0011 panda_437621_1275.root 1 1 1 1 1 1
0011 panda_437621_1276.root 1 1 1 1 1 1
0011 panda_437621_1278.root 1 1 1 1 1 1
0012 panda_437621_1279.root 1 1 1 1 1 1
0012 panda_437621_1280.root 1 1 1 1 1 1
0012 panda_437621_1281.root 1 1 1 1 1 1
0012 panda_437621_1282.root 1 1 1 1 1 1
0012 panda_437621_1283.root 1 1 1 1 1 1
0012 panda_437621_1284.root 1 1 1 1 1 1
0012 panda_437621_1285.root 1 1 1 1 1 1
0012 panda_437621_1286.root 1 1 1 1 1 1
0012 panda_437621_1287.root 1 1 1 1 1 1
0012 panda_437621_1288.root 1 1 1 1 1 1
0012 panda_437621_1289.root 1 1 1 1 1 1
0012 panda_437621_1290.root 1 1 1 1 1 1
0012 panda_437621_1291.root 1 1 1 1 1 1
0012 panda_437621_1292.root 1 1 1 1 1 1
0012 panda_437621_1293.root 1 1 1 1 1 1
0012 panda_437621_1294.root 1 1 1 1 1 1
0012 panda_437621_1295.root 1 1 1 1 1 1
0012 panda_437621_1296.root 1 1 1 1 1 1
0012 panda_437621_1297.root 1 1 1 1 1 1
0012 panda_437621_1298.root 1 1 1 1 1 1
0013 panda_437621_1299.root 1 1 1 1 1 1
0013 panda_437621_13.root 1 1 1 1 1 1
0013 panda_437621_130.root 1 1 1 1 1 1
0013 panda_437621_1300.root 1 1 1 1 1 1
0013 panda_437621_1301.root 1 1 1 1 1 1
0013 panda_437621_1302.root 1 1 1 1 1 1
0013 panda_437621_1303.root 1 1 1 1 1 1
0013 panda_437621_1304.root 1 1 1 1 1 1
0013 panda_437621_1306.root 1 1 1 1 1 1
0013 panda_437621_1309.root 1 1 1 1 1 1
0013 panda_437621_131.root 1 1 1 1 1 1
0013 panda_437621_1311.root 1 1 1 1 1 1
0013 panda_437621_1313.root 1 1 1 1 1 1
0013 panda_437621_1314.root 1 1 1 1 1 1
0013 panda_437621_1315.root 1 1 1 1 1 1
0013 panda_437621_1318.root 1 1 1 1 1 1
0013 panda_437621_1319.root 1 1 1 1 1 1
0013 panda_437621_132.root 1 1 1 1 1 1
0013 panda_437621_1320.root 1 1 1 1 1 1
0013 panda_437621_1322.root 1 1 1 1 1 1
0014 panda_437621_1323.root 1 1 1 1 1 1
0014 panda_437621_1324.root 1 1 1 1 1 1
0014 panda_437621_1328.root 1 1 1 1 1 1
0014 panda_437621_133.root 1 1 1 1 1 1
0014 panda_437621_1331.root 1 1 1 1 1 1
0014 panda_437621_1333.root 1 1 1 1 1 1
0014 panda_437621_1335.root 1 1 1 1 1 1
0014 panda_437621_1336.root 1 1 1 1 1 1
0014 panda_437621_1339.root 1 1 1 1 1 1
0014 panda_437621_134.root 1 1 1 1 1 1
0014 panda_437621_1342.root 1 1 1 1 1 1
0014 panda_437621_1343.root 1 1 1 1 1 1
0014 panda_437621_1344.root 1 1 1 1 1 1
0014 panda_437621_1346.root 1 1 1 1 1 1
0014 panda_437621_1347.root 1 1 1 1 1 1
0014 panda_437621_1349.root 1 1 1 1 1 1
0014 panda_437621_135.root 1 1 1 1 1 1
0014 panda_437621_1352.root 1 1 1 1 1 1
0014 panda_437621_1353.root 1 1 1 1 1 1
0014 panda_437621_1354.root 1 1 1 1 1 1
0015 panda_437621_1355.root 1 1 1 1 1 1
0015 panda_437621_1356.root 1 1 1 1 1 1
0015 panda_437621_1359.root 1 1 1 1 1 1
0015 panda_437621_136.root 1 1 1 1 1 1
0015 panda_437621_1360.root 1 1 1 1 1 1
0015 panda_437621_1362.root 1 1 1 1 1 1
0015 panda_437621_1364.root 1 1 1 1 1 1
0015 panda_437621_1365.root 1 1 1 1 1 1
0015 panda_437621_1366.root 1 1 1 1 1 1
0015 panda_437621_1367.root 1 1 1 1 1 1
0015 panda_437621_1368.root 1 1 1 1 1 1
0015 panda_437621_1369.root 1 1 1 1 1 1
0015 panda_437621_1370.root 1 1 1 1 1 1
0015 panda_437621_1371.root 1 1 1 1 1 1
0015 panda_437621_1372.root 1 1 1 1 1 1
0015 panda_437621_1373.root 1 1 1 1 1 1
0015 panda_437621_1374.root 1 1 1 1 1 1
0015 panda_437621_1375.root 1 1 1 1 1 1
0015 panda_437621_1376.root 1 1 1 1 1 1
0015 panda_437621_1377.root 1 1 1 1 1 1
0016 panda_437621_1378.root 1 1 1 1 1 1
0016 panda_437621_1379.root 1 1 1 1 1 1
0016 panda_437621_138.root 1 1 1 1 1 1
0016 panda_437621_1380.root 1 1 1 1 1 1
0016 panda_437621_1381.root 1 1 1 1 1 1
0016 panda_437621_1382.root 1 1 1 1 1 1
0016 panda_437621_1383.root 1 1 1 1 1 1
0016 panda_437621_1384.root 1 1 1 1 1 1
0016 panda_437621_1385.root 1 1 1 1 1 1
0016 panda_437621_1386.root 1 1 1 1 1 1
0016 panda_437621_1387.root 1 1 1 1 1 1
0016 panda_437621_1388.root 1 1 1 1 1 1
0016 panda_437621_1389.root 1 1 1 1 1 1
0016 panda_437621_139.root 1 1 1 1 1 1
0016 panda_437621_1390.root 1 1 1 1 1 1
0016 panda_437621_1391.root 1 1 1 1 1 1
0016 panda_437621_1392.root 1 1 1 1 1 1
0016 panda_437621_1393.root 1 1 1 1 1 1
0016 panda_437621_1394.root 1 1 1 1 1 1
0016 panda_437621_1395.root 1 1 1 1 1 1
0017 panda_437621_1396.root 1 1 1 1 1 1
0017 panda_437621_1397.root 1 1 1 1 1 1
0017 panda_437621_1398.root 1 1 1 1 1 1
0017 panda_437621_14.root 1 1 1 1 1 1
0017 panda_437621_140.root 1 1 1 1 1 1
0017 panda_437621_1400.root 1 1 1 1 1 1
0017 panda_437621_1401.root 1 1 1 1 1 1
0017 panda_437621_1402.root 1 1 1 1 1 1
0017 panda_437621_1403.root 1 1 1 1 1 1
0017 panda_437621_1404.root 1 1 1 1 1 1
0017 panda_437621_1405.root 1 1 1 1 1 1
0017 panda_437621_1406.root 1 1 1 1 1 1
0017 panda_437621_1407.root 1 1 1 1 1 1
0017 panda_437621_1408.root 1 1 1 1 1 1
0017 panda_437621_1409.root 1 1 1 1 1 1
0017 panda_437621_141.root 1 1 1 1 1 1
0017 panda_437621_1410.root 1 1 1 1 1 1
0017 panda_437621_1412.root 1 1 1 1 1 1
0017 panda_437621_1414.root 1 1 1 1 1 1
0017 panda_437621_1415.root 1 1 1 1 1 1
0018 panda_437621_1417.root 1 1 1 1 1 1
0018 panda_437621_1418.root 1 1 1 1 1 1
0018 panda_437621_1419.root 1 1 1 1 1 1
0018 panda_437621_142.root 1 1 1 1 1 1
0018 panda_437621_1420.root 1 1 1 1 1 1
0018 panda_437621_1421.root 1 1 1 1 1 1
0018 panda_437621_1422.root 1 1 1 1 1 1
0018 panda_437621_1423.root 1 1 1 1 1 1
0018 panda_437621_1424.root 1 1 1 1 1 1
0018 panda_437621_1425.root 1 1 1 1 1 1
0018 panda_437621_1426.root 1 1 1 1 1 1
0018 panda_437621_1427.root 1 1 1 1 1 1
0018 panda_437621_1428.root 1 1 1 1 1 1
0018 panda_437621_1429.root 1 1 1 1 1 1
0018 panda_437621_143.root 1 1 1 1 1 1
0018 panda_437621_1431.root 1 1 1 1 1 1
0018 panda_437621_1432.root 1 1 1 1 1 1
0018 panda_437621_1433.root 1 1 1 1 1 1
0018 panda_437621_1434.root 1 1 1 1 1 1
0018 panda_437621_1435.root 1 1 1 1 1 1
0019 panda_437621_1436.root 1 1 1 1 1 1
0019 panda_437621_1437.root 1 1 1 1 1 1
0019 panda_437621_1438.root 1 1 1 1 1 1
0019 panda_437621_1439.root 1 1 1 1 1 1
0019 panda_437621_144.root 1 1 1 1 1 1
0019 panda_437621_1440.root 1 1 1 1 1 1
0019 panda_437621_1441.root 1 1 1 1 1 1
0019 panda_437621_1442.root 1 1 1 1 1 1
0019 panda_437621_1443.root 1 1 1 1 1 1
0019 panda_437621_1444.root 1 1 1 1 1 1
0019 panda_437621_1445.root 1 1 1 1 1 1
0019 panda_437621_1446.root 1 1 1 1 1 1
0019 panda_437621_1447.root 1 1 1 1 1 1
0019 panda_437621_1448.root 1 1 1 1 1 1
0019 panda_437621_1449.root 1 1 1 1 1 1
0019 panda_437621_145.root 1 1 1 1 1 1
0019 panda_437621_1450.root 1 1 1 1 1 1
0019 panda_437621_1451.root 1 1 1 1 1 1
0019 panda_437621_1452.root 1 1 1 1 1 1
0019 panda_437621_1453.root 1 1 1 1 1 1
0020 panda_437621_1454.root 1 1 1 1 1 1
0020 panda_437621_1455.root 1 1 1 1 1 1
0020 panda_437621_1456.root 1 1 1 1 1 1
0020 panda_437621_1457.root 1 1 1 1 1 1
0020 panda_437621_1458.root 1 1 1 1 1 1
0020 panda_437621_1459.root 1 1 1 1 1 1
0020 panda_437621_146.root 1 1 1 1 1 1
0020 panda_437621_1460.root 1 1 1 1 1 1
0020 panda_437621_1461.root 1 1 1 1 1 1
0020 panda_437621_1462.root 1 1 1 1 1 1
0020 panda_437621_1463.root 1 1 1 1 1 1
0020 panda_437621_1464.root 1 1 1 1 1 1
0020 panda_437621_1465.root 1 1 1 1 1 1
0020 panda_437621_1466.root 1 1 1 1 1 1
0020 panda_437621_1467.root 1 1 1 1 1 1
0020 panda_437621_1469.root 1 1 1 1 1 1
0020 panda_437621_147.root 1 1 1 1 1 1
0020 panda_437621_1470.root 1 1 1 1 1 1
0020 panda_437621_1474.root 1 1 1 1 1 1
0020 panda_437621_1477.root 1 1 1 1 1 1
0021 panda_437621_1481.root 1 1 1 1 1 1
0021 panda_437621_1483.root 1 1 1 1 1 1
0021 panda_437621_1484.root 1 1 1 1 1 1
0021 panda_437621_1485.root 1 1 1 1 1 1
0021 panda_437621_149.root 1 1 1 1 1 1
0021 panda_437621_1491.root 1 1 1 1 1 1
0021 panda_437621_1492.root 1 1 1 1 1 1
0021 panda_437621_1498.root 1 1 1 1 1 1
0021 panda_437621_15.root 1 1 1 1 1 1
0021 panda_437621_150.root 1 1 1 1 1 1
0021 panda_437621_1506.root 1 1 1 1 1 1
0021 panda_437621_1507.root 1 1 1 1 1 1
0021 panda_437621_1508.root 1 1 1 1 1 1
0021 panda_437621_151.root 1 1 1 1 1 1
0021 panda_437621_1512.root 1 1 1 1 1 1
0021 panda_437621_1514.root 1 1 1 1 1 1
0021 panda_437621_1515.root 1 1 1 1 1 1
0021 panda_437621_1519.root 1 1 1 1 1 1
0021 panda_437621_152.root 1 1 1 1 1 1
0021 panda_437621_1522.root 1 1 1 1 1 1
0022 panda_437621_1523.root 1 1 1 1 1 1
0022 panda_437621_1527.root 1 1 1 1 1 1
0022 panda_437621_1528.root 1 1 1 1 1 1
0022 panda_437621_1529.root 1 1 1 1 1 1
0022 panda_437621_153.root 1 1 1 1 1 1
0022 panda_437621_1530.root 1 1 1 1 1 1
0022 panda_437621_1532.root 1 1 1 1 1 1
0022 panda_437621_1534.root 1 1 1 1 1 1
0022 panda_437621_1535.root 1 1 1 1 1 1
0022 panda_437621_1536.root 1 1 1 1 1 1
0022 panda_437621_1539.root 1 1 1 1 1 1
0022 panda_437621_154.root 1 1 1 1 1 1
0022 panda_437621_1540.root 1 1 1 1 1 1
0022 panda_437621_1541.root 1 1 1 1 1 1
0022 panda_437621_1549.root 1 1 1 1 1 1
0022 panda_437621_155.root 1 1 1 1 1 1
0022 panda_437621_1551.root 1 1 1 1 1 1
0022 panda_437621_1552.root 1 1 1 1 1 1
0022 panda_437621_1554.root 1 1 1 1 1 1
0022 panda_437621_1555.root 1 1 1 1 1 1
0023 panda_437621_156.root 1 1 1 1 1 1
0023 panda_437621_1560.root 1 1 1 1 1 1
0023 panda_437621_1561.root 1 1 1 1 1 1
0023 panda_437621_1563.root 1 1 1 1 1 1
0023 panda_437621_1564.root 1 1 1 1 1 1
0023 panda_437621_1565.root 1 1 1 1 1 1
0023 panda_437621_1566.root 1 1 1 1 1 1
0023 panda_437621_1567.root 1 1 1 1 1 1
0023 panda_437621_1568.root 1 1 1 1 1 1
0023 panda_437621_157.root 1 1 1 1 1 1
0023 panda_437621_1570.root 1 1 1 1 1 1
0023 panda_437621_1571.root 1 1 1 1 1 1
0023 panda_437621_1572.root 1 1 1 1 1 1
0023 panda_437621_1573.root 1 1 1 1 1 1
0023 panda_437621_1574.root 1 1 1 1 1 1
0023 panda_437621_1575.root 1 1 1 1 1 1
0023 panda_437621_1577.root 1 1 1 1 1 1
0023 panda_437621_1578.root 1 1 1 1 1 1
0023 panda_437621_1579.root 1 1 1 1 1 1
0023 panda_437621_158.root 1 1 1 1 1 1
0024 panda_437621_1581.root 1 1 1 1 1 1
0024 panda_437621_1582.root 1 1 1 1 1 1
0024 panda_437621_1583.root 1 1 1 1 1 1
0024 panda_437621_1584.root 1 1 1 1 1 1
0024 panda_437621_1585.root 1 1 1 1 1 1
0024 panda_437621_1586.root 1 1 1 1 1 1
0024 panda_437621_1587.root 1 1 1 1 1 1
0024 panda_437621_1588.root 1 1 1 1 1 1
0024 panda_437621_1589.root 1 1 1 1 1 1
0024 panda_437621_159.root 1 1 1 1 1 1
0024 panda_437621_1590.root 1 1 1 1 1 1
0024 panda_437621_1591.root 1 1 1 1 1 1
0024 panda_437621_1592.root 1 1 1 1 1 1
0024 panda_437621_1593.root 1 1 1 1 1 1
0024 panda_437621_1594.root 1 1 1 1 1 1
0024 panda_437621_1595.root 1 1 1 1 1 1
0024 panda_437621_1597.root 1 1 1 1 1 1
0024 panda_437621_16.root 1 1 1 1 1 1
0024 panda_437621_1600.root 1 1 1 1 1 1
0024 panda_437621_1601.root 1 1 1 1 1 1
0025 panda_437621_1602.root 1 1 1 1 1 1
0025 panda_437621_1603.root 1 1 1 1 1 1
0025 panda_437621_1604.root 1 1 1 1 1 1
0025 panda_437621_1606.root 1 1 1 1 1 1
0025 panda_437621_1607.root 1 1 1 1 1 1
0025 panda_437621_1608.root 1 1 1 1 1 1
0025 panda_437621_1609.root 1 1 1 1 1 1
0025 panda_437621_161.root 1 1 1 1 1 1
0025 panda_437621_1610.root 1 1 1 1 1 1
0025 panda_437621_1611.root 1 1 1 1 1 1
0025 panda_437621_1612.root 1 1 1 1 1 1
0025 panda_437621_1613.root 1 1 1 1 1 1
0025 panda_437621_1615.root 1 1 1 1 1 1
0025 panda_437621_1616.root 1 1 1 1 1 1
0025 panda_437621_1617.root 1 1 1 1 1 1
0025 panda_437621_1619.root 1 1 1 1 1 1
0025 panda_437621_162.root 1 1 1 1 1 1
0025 panda_437621_1621.root 1 1 1 1 1 1
0025 panda_437621_1622.root 1 1 1 1 1 1
0025 panda_437621_1623.root 1 1 1 1 1 1
0026 panda_437621_1624.root 1 1 1 1 1 1
0026 panda_437621_1625.root 1 1 1 1 1 1
0026 panda_437621_1626.root 1 1 1 1 1 1
0026 panda_437621_1627.root 1 1 1 1 1 1
0026 panda_437621_1628.root 1 1 1 1 1 1
0026 panda_437621_1630.root 1 1 1 1 1 1
0026 panda_437621_1631.root 1 1 1 1 1 1
0026 panda_437621_1632.root 1 1 1 1 1 1
0026 panda_437621_1633.root 1 1 1 1 1 1
0026 panda_437621_1634.root 1 1 1 1 1 1
0026 panda_437621_1635.root 1 1 1 1 1 1
0026 panda_437621_1636.root 1 1 1 1 1 1
0026 panda_437621_1639.root 1 1 1 1 1 1
0026 panda_437621_164.root 1 1 1 1 1 1
0026 panda_437621_1640.root 1 1 1 1 1 1
0026 panda_437621_1642.root 1 1 1 1 1 1
0026 panda_437621_1643.root 1 1 1 1 1 1
0026 panda_437621_1644.root 1 1 1 1 1 1
0026 panda_437621_1645.root 1 1 1 1 1 1
0026 panda_437621_1646.root 1 1 1 1 1 1
0027 panda_437621_1647.root 1 1 1 1 1 1
0027 panda_437621_1649.root 1 1 1 1 1 1
0027 panda_437621_165.root 1 1 1 1 1 1
0027 panda_437621_1650.root 1 1 1 1 1 1
0027 panda_437621_1651.root 1 1 1 1 1 1
0027 panda_437621_1652.root 1 1 1 1 1 1
0027 panda_437621_1653.root 1 1 1 1 1 1
0027 panda_437621_1654.root 1 1 1 1 1 1
0027 panda_437621_1655.root 1 1 1 1 1 1
0027 panda_437621_1657.root 1 1 1 1 1 1
0027 panda_437621_1658.root 1 1 1 1 1 1
0027 panda_437621_1659.root 1 1 1 1 1 1
0027 panda_437621_166.root 1 1 1 1 1 1
0027 panda_437621_1660.root 1 1 1 1 1 1
0027 panda_437621_1663.root 1 1 1 1 1 1
0027 panda_437621_1664.root 1 1 1 1 1 1
0027 panda_437621_1665.root 1 1 1 1 1 1
0027 panda_437621_1668.root 1 1 1 1 1 1
0027 panda_437621_1669.root 1 1 1 1 1 1
0027 panda_437621_1672.root 1 1 1 1 1 1
0028 panda_437621_1674.root 1 1 1 1 1 1
0028 panda_437621_1675.root 1 1 1 1 1 1
0028 panda_437621_1677.root 1 1 1 1 1 1
0028 panda_437621_1678.root 1 1 1 1 1 1
0028 panda_437621_1679.root 1 1 1 1 1 1
0028 panda_437621_168.root 1 1 1 1 1 1
0028 panda_437621_1680.root 1 1 1 1 1 1
0028 panda_437621_1681.root 1 1 1 1 1 1
0028 panda_437621_1682.root 1 1 1 1 1 1
0028 panda_437621_1683.root 1 1 1 1 1 1
0028 panda_437621_1684.root 1 1 1 1 1 1
0028 panda_437621_1687.root 1 1 1 1 1 1
0028 panda_437621_1689.root 1 1 1 1 1 1
0028 panda_437621_169.root 1 1 1 1 1 1
0028 panda_437621_1690.root 1 1 1 1 1 1
0028 panda_437621_1691.root 1 1 1 1 1 1
0028 panda_437621_1692.root 1 1 1 1 1 1
0028 panda_437621_1693.root 1 1 1 1 1 1
0028 panda_437621_1695.root 1 1 1 1 1 1
0028 panda_437621_1696.root 1 1 1 1 1 1
0029 panda_437621_1697.root 1 1 1 1 1 1
0029 panda_437621_1698.root 1 1 1 1 1 1
0029 panda_437621_1699.root 1 1 1 1 1 1
0029 panda_437621_17.root 1 1 1 1 1 1
0029 panda_437621_170.root 1 1 1 1 1 1
0029 panda_437621_1700.root 1 1 1 1 1 1
0029 panda_437621_1701.root 1 1 1 1 1 1
0029 panda_437621_1702.root 1 1 1 1 1 1
0029 panda_437621_1703.root 1 1 1 1 1 1
0029 panda_437621_1704.root 1 1 1 1 1 1
0029 panda_437621_1705.root 1 1 1 1 1 1
0029 panda_437621_1706.root 1 1 1 1 1 1
0029 panda_437621_1707.root 1 1 1 1 1 1
0029 panda_437621_1708.root 1 1 1 1 1 1
0029 panda_437621_1709.root 1 1 1 1 1 1
0029 panda_437621_171.root 1 1 1 1 1 1
0029 panda_437621_1710.root 1 1 1 1 1 1
0029 panda_437621_1711.root 1 1 1 1 1 1
0029 panda_437621_1713.root 1 1 1 1 1 1
0029 panda_437621_1714.root 1 1 1 1 1 1
0030 panda_437621_1716.root 1 1 1 1 1 1
0030 panda_437621_1717.root 1 1 1 1 1 1
0030 panda_437621_1718.root 1 1 1 1 1 1
0030 panda_437621_1719.root 1 1 1 1 1 1
0030 panda_437621_1720.root 1 1 1 1 1 1
0030 panda_437621_1721.root 1 1 1 1 1 1
0030 panda_437621_1722.root 1 1 1 1 1 1
0030 panda_437621_1723.root 1 1 1 1 1 1
0030 panda_437621_1724.root 1 1 1 1 1 1
0030 panda_437621_1725.root 1 1 1 1 1 1
0030 panda_437621_1726.root 1 1 1 1 1 1
0030 panda_437621_1727.root 1 1 1 1 1 1
0030 panda_437621_1728.root 1 1 1 1 1 1
0030 panda_437621_1729.root 1 1 1 1 1 1
0030 panda_437621_173.root 1 1 1 1 1 1
0030 panda_437621_1730.root 1 1 1 1 1 1
0030 panda_437621_1731.root 1 1 1 1 1 1
0030 panda_437621_1732.root 1 1 1 1 1 1
0030 panda_437621_1733.root 1 1 1 1 1 1
0030 panda_437621_1734.root 1 1 1 1 1 1
0031 panda_437621_1735.root 1 1 1 1 1 1
0031 panda_437621_1736.root 1 1 1 1 1 1
0031 panda_437621_1737.root 1 1 1 1 1 1
0031 panda_437621_1738.root 1 1 1 1 1 1
0031 panda_437621_1739.root 1 1 1 1 1 1
0031 panda_437621_174.root 1 1 1 1 1 1
0031 panda_437621_1740.root 1 1 1 1 1 1
0031 panda_437621_1741.root 1 1 1 1 1 1
0031 panda_437621_1742.root 1 1 1 1 1 1
0031 panda_437621_1743.root 1 1 1 1 1 1
0031 panda_437621_1745.root 1 1 1 1 1 1
0031 panda_437621_1746.root 1 1 1 1 1 1
0031 panda_437621_1747.root 1 1 1 1 1 1
0031 panda_437621_1749.root 1 1 1 1 1 1
0031 panda_437621_175.root 1 1 1 1 1 1
0031 panda_437621_1750.root 1 1 1 1 1 1
0031 panda_437621_1752.root 1 1 1 1 1 1
0031 panda_437621_1753.root 1 1 1 1 1 1
0031 panda_437621_1755.root 1 1 1 1 1 1
0031 panda_437621_1756.root 1 1 1 1 1 1
0032 panda_437621_1757.root 1 1 1 1 1 1
0032 panda_437621_1758.root 1 1 1 1 1 1
0032 panda_437621_1759.root 1 1 1 1 1 1
0032 panda_437621_176.root 1 1 1 1 1 1
0032 panda_437621_1761.root 1 1 1 1 1 1
0032 panda_437621_1762.root 1 1 1 1 1 1
0032 panda_437621_1763.root 1 1 1 1 1 1
0032 panda_437621_1765.root 1 1 1 1 1 1
0032 panda_437621_1766.root 1 1 1 1 1 1
0032 panda_437621_1767.root 1 1 1 1 1 1
0032 panda_437621_1768.root 1 1 1 1 1 1
0032 panda_437621_1769.root 1 1 1 1 1 1
0032 panda_437621_177.root 1 1 1 1 1 1
0032 panda_437621_1770.root 1 1 1 1 1 1
0032 panda_437621_1771.root 1 1 1 1 1 1
0032 panda_437621_1772.root 1 1 1 1 1 1
0032 panda_437621_1773.root 1 1 1 1 1 1
0032 panda_437621_1774.root 1 1 1 1 1 1
0032 panda_437621_1775.root 1 1 1 1 1 1
0032 panda_437621_1777.root 1 1 1 1 1 1
0033 panda_437621_1778.root 1 1 1 1 1 1
0033 panda_437621_1779.root 1 1 1 1 1 1
0033 panda_437621_178.root 1 1 1 1 1 1
0033 panda_437621_1780.root 1 1 1 1 1 1
0033 panda_437621_1781.root 1 1 1 1 1 1
0033 panda_437621_1782.root 1 1 1 1 1 1
0033 panda_437621_1783.root 1 1 1 1 1 1
0033 panda_437621_1784.root 1 1 1 1 1 1
0033 panda_437621_1785.root 1 1 1 1 1 1
0033 panda_437621_1788.root 1 1 1 1 1 1
0033 panda_437621_1789.root 1 1 1 1 1 1
0033 panda_437621_179.root 1 1 1 1 1 1
0033 panda_437621_1790.root 1 1 1 1 1 1
0033 panda_437621_1791.root 1 1 1 1 1 1
0033 panda_437621_1792.root 1 1 1 1 1 1
0033 panda_437621_1793.root 1 1 1 1 1 1
0033 panda_437621_1795.root 1 1 1 1 1 1
0033 panda_437621_18.root 1 1 1 1 1 1
0033 panda_437621_180.root 1 1 1 1 1 1
0033 panda_437621_1800.root 1 1 1 1 1 1
0034 panda_437621_1801.root 1 1 1 1 1 1
0034 panda_437621_1802.root 1 1 1 1 1 1
0034 panda_437621_1805.root 1 1 1 1 1 1
0034 panda_437621_1806.root 1 1 1 1 1 1
0034 panda_437621_1807.root 1 1 1 1 1 1
0034 panda_437621_1808.root 1 1 1 1 1 1
0034 panda_437621_1809.root 1 1 1 1 1 1
0034 panda_437621_181.root 1 1 1 1 1 1
0034 panda_437621_1811.root 1 1 1 1 1 1
0034 panda_437621_1812.root 1 1 1 1 1 1
0034 panda_437621_1814.root 1 1 1 1 1 1
0034 panda_437621_1815.root 1 1 1 1 1 1
0034 panda_437621_1816.root 1 1 1 1 1 1
0034 panda_437621_1817.root 1 1 1 1 1 1
0034 panda_437621_1818.root 1 1 1 1 1 1
0034 panda_437621_1820.root 1 1 1 1 1 1
0034 panda_437621_1823.root 1 1 1 1 1 1
0034 panda_437621_1824.root 1 1 1 1 1 1
0034 panda_437621_1825.root 1 1 1 1 1 1
0034 panda_437621_1826.root 1 1 1 1 1 1
0035 panda_437621_1827.root 1 1 1 1 1 1
0035 panda_437621_1829.root 1 1 1 1 1 1
0035 panda_437621_183.root 1 1 1 1 1 1
0035 panda_437621_1830.root 1 1 1 1 1 1
0035 panda_437621_1831.root 1 1 1 1 1 1
0035 panda_437621_1833.root 1 1 1 1 1 1
0035 panda_437621_1834.root 1 1 1 1 1 1
0035 panda_437621_1836.root 1 1 1 1 1 1
0035 panda_437621_1837.root 1 1 1 1 1 1
0035 panda_437621_1838.root 1 1 1 1 1 1
0035 panda_437621_1839.root 1 1 1 1 1 1
0035 panda_437621_184.root 1 1 1 1 1 1
0035 panda_437621_1840.root 1 1 1 1 1 1
0035 panda_437621_1841.root 1 1 1 1 1 1
0035 panda_437621_1842.root 1 1 1 1 1 1
0035 panda_437621_1843.root 1 1 1 1 1 1
0035 panda_437621_1844.root 1 1 1 1 1 1
0035 panda_437621_1845.root 1 1 1 1 1 1
0035 panda_437621_1847.root 1 1 1 1 1 1
0035 panda_437621_1848.root 1 1 1 1 1 1
0036 panda_437621_1849.root 1 1 1 1 1 1
0036 panda_437621_185.root 1 1 1 1 1 1
0036 panda_437621_1850.root 1 1 1 1 1 1
0036 panda_437621_1851.root 1 1 1 1 1 1
0036 panda_437621_1852.root 1 1 1 1 1 1
0036 panda_437621_1853.root 1 1 1 1 1 1
0036 panda_437621_1854.root 1 1 1 1 1 1
0036 panda_437621_1856.root 1 1 1 1 1 1
0036 panda_437621_1857.root 1 1 1 1 1 1
0036 panda_437621_1858.root 1 1 1 1 1 1
0036 panda_437621_1859.root 1 1 1 1 1 1
0036 panda_437621_1860.root 1 1 1 1 1 1
0036 panda_437621_1861.root 1 1 1 1 1 1
0036 panda_437621_1864.root 1 1 1 1 1 1
0036 panda_437621_1865.root 1 1 1 1 1 1
0036 panda_437621_1866.root 1 1 1 1 1 1
0036 panda_437621_1867.root 1 1 1 1 1 1
0036 panda_437621_1868.root 1 1 1 1 1 1
0036 panda_437621_1869.root 1 1 1 1 1 1
0036 panda_437621_187.root 1 1 1 1 1 1
0037 panda_437621_1870.root 1 1 1 1 1 1
0037 panda_437621_1871.root 1 1 1 1 1 1
0037 panda_437621_1872.root 1 1 1 1 1 1
0037 panda_437621_1873.root 1 1 1 1 1 1
0037 panda_437621_1874.root 1 1 1 1 1 1
0037 panda_437621_1875.root 1 1 1 1 1 1
0037 panda_437621_1876.root 1 1 1 1 1 1
0037 panda_437621_1878.root 1 1 1 1 1 1
0037 panda_437621_1879.root 1 1 1 1 1 1
0037 panda_437621_188.root 1 1 1 1 1 1
0037 panda_437621_1881.root 1 1 1 1 1 1
0037 panda_437621_1882.root 1 1 1 1 1 1
0037 panda_437621_1883.root 1 1 1 1 1 1
0037 panda_437621_1884.root 1 1 1 1 1 1
0037 panda_437621_1885.root 1 1 1 1 1 1
0037 panda_437621_1886.root 1 1 1 1 1 1
0037 panda_437621_1887.root 1 1 1 1 1 1
0037 panda_437621_1888.root 1 1 1 1 1 1
0037 panda_437621_1889.root 1 1 1 1 1 1
0037 panda_437621_189.root 1 1 1 1 1 1
0038 panda_437621_1890.root 1 1 1 1 1 1
0038 panda_437621_1891.root 1 1 1 1 1 1
0038 panda_437621_1892.root 1 1 1 1 1 1
0038 panda_437621_1893.root 1 1 1 1 1 1
0038 panda_437621_1894.root 1 1 1 1 1 1
0038 panda_437621_1895.root 1 1 1 1 1 1
0038 panda_437621_1896.root 1 1 1 1 1 1
0038 panda_437621_1897.root 1 1 1 1 1 1
0038 panda_437621_1898.root 1 1 1 1 1 1
0038 panda_437621_1899.root 1 1 1 1 1 1
0038 panda_437621_19.root 1 1 1 1 1 1
0038 panda_437621_190.root 1 1 1 1 1 1
0038 panda_437621_1900.root 1 1 1 1 1 1
0038 panda_437621_1901.root 1 1 1 1 1 1
0038 panda_437621_1902.root 1 1 1 1 1 1
0038 panda_437621_1903.root 1 1 1 1 1 1
0038 panda_437621_1904.root 1 1 1 1 1 1
0038 panda_437621_1905.root 1 1 1 1 1 1
0038 panda_437621_1906.root 1 1 1 1 1 1
0038 panda_437621_1907.root 1 1 1 1 1 1
0039 panda_437621_1908.root 1 1 1 1 1 1
0039 panda_437621_1909.root 1 1 1 1 1 1
0039 panda_437621_191.root 1 1 1 1 1 1
0039 panda_437621_1910.root 1 1 1 1 1 1
0039 panda_437621_1911.root 1 1 1 1 1 1
0039 panda_437621_1912.root 1 1 1 1 1 1
0039 panda_437621_1913.root 1 1 1 1 1 1
0039 panda_437621_1914.root 1 1 1 1 1 1
0039 panda_437621_1916.root 1 1 1 1 1 1
0039 panda_437621_1917.root 1 1 1 1 1 1
0039 panda_437621_1918.root 1 1 1 1 1 1
0039 panda_437621_1919.root 1 1 1 1 1 1
0039 panda_437621_192.root 1 1 1 1 1 1
0039 panda_437621_1920.root 1 1 1 1 1 1
0039 panda_437621_1921.root 1 1 1 1 1 1
0039 panda_437621_1922.root 1 1 1 1 1 1
0039 panda_437621_1923.root 1 1 1 1 1 1
0039 panda_437621_1924.root 1 1 1 1 1 1
0039 panda_437621_1925.root 1 1 1 1 1 1
0039 panda_437621_1926.root 1 1 1 1 1 1
0040 panda_437621_1927.root 1 1 1 1 1 1
0040 panda_437621_1928.root 1 1 1 1 1 1
0040 panda_437621_1929.root 1 1 1 1 1 1
0040 panda_437621_193.root 1 1 1 1 1 1
0040 panda_437621_1930.root 1 1 1 1 1 1
0040 panda_437621_1931.root 1 1 1 1 1 1
0040 panda_437621_1932.root 1 1 1 1 1 1
0040 panda_437621_1933.root 1 1 1 1 1 1
0040 panda_437621_1934.root 1 1 1 1 1 1
0040 panda_437621_1935.root 1 1 1 1 1 1
0040 panda_437621_1936.root 1 1 1 1 1 1
0040 panda_437621_1937.root 1 1 1 1 1 1
0040 panda_437621_1938.root 1 1 1 1 1 1
0040 panda_437621_1939.root 1 1 1 1 1 1
0040 panda_437621_194.root 1 1 1 1 1 1
0040 panda_437621_1940.root 1 1 1 1 1 1
0040 panda_437621_1941.root 1 1 1 1 1 1
0040 panda_437621_1943.root 1 1 1 1 1 1
0040 panda_437621_1944.root 1 1 1 1 1 1
0040 panda_437621_1945.root 1 1 1 1 1 1
0041 panda_437621_1946.root 1 1 1 1 1 1
0041 panda_437621_1947.root 1 1 1 1 1 1
0041 panda_437621_1948.root 1 1 1 1 1 1
0041 panda_437621_1949.root 1 1 1 1 1 1
0041 panda_437621_195.root 1 1 1 1 1 1
0041 panda_437621_1950.root 1 1 1 1 1 1
0041 panda_437621_1951.root 1 1 1 1 1 1
0041 panda_437621_1952.root 1 1 1 1 1 1
0041 panda_437621_1953.root 1 1 1 1 1 1
0041 panda_437621_1954.root 1 1 1 1 1 1
0041 panda_437621_1955.root 1 1 1 1 1 1
0041 panda_437621_1956.root 1 1 1 1 1 1
0041 panda_437621_1957.root 1 1 1 1 1 1
0041 panda_437621_1959.root 1 1 1 1 1 1
0041 panda_437621_196.root 1 1 1 1 1 1
0041 panda_437621_1960.root 1 1 1 1 1 1
0041 panda_437621_1961.root 1 1 1 1 1 1
0041 panda_437621_1962.root 1 1 1 1 1 1
0041 panda_437621_1963.root 1 1 1 1 1 1
0041 panda_437621_1965.root 1 1 1 1 1 1
0042 panda_437621_1966.root 1 1 1 1 1 1
0042 panda_437621_1967.root 1 1 1 1 1 1
0042 panda_437621_1968.root 1 1 1 1 1 1
0042 panda_437621_197.root 1 1 1 1 1 1
0042 panda_437621_1970.root 1 1 1 1 1 1
0042 panda_437621_1971.root 1 1 1 1 1 1
0042 panda_437621_1972.root 1 1 1 1 1 1
0042 panda_437621_1973.root 1 1 1 1 1 1
0042 panda_437621_1974.root 1 1 1 1 1 1
0042 panda_437621_1975.root 1 1 1 1 1 1
0042 panda_437621_1976.root 1 1 1 1 1 1
0042 panda_437621_1977.root 1 1 1 1 1 1
0042 panda_437621_1978.root 1 1 1 1 1 1
0042 panda_437621_198.root 1 1 1 1 1 1
0042 panda_437621_1980.root 1 1 1 1 1 1
0042 panda_437621_1981.root 1 1 1 1 1 1
0042 panda_437621_1983.root 1 1 1 1 1 1
0042 panda_437621_1984.root 1 1 1 1 1 1
0042 panda_437621_1985.root 1 1 1 1 1 1
0042 panda_437621_1986.root 1 1 1 1 1 1
0043 panda_437621_1987.root 1 1 1 1 1 1
0043 panda_437621_1988.root 1 1 1 1 1 1
0043 panda_437621_1989.root 1 1 1 1 1 1
0043 panda_437621_199.root 1 1 1 1 1 1
0043 panda_437621_1990.root 1 1 1 1 1 1
0043 panda_437621_1991.root 1 1 1 1 1 1
0043 panda_437621_1994.root 1 1 1 1 1 1
0043 panda_437621_1995.root 1 1 1 1 1 1
0043 panda_437621_1996.root 1 1 1 1 1 1
0043 panda_437621_1997.root 1 1 1 1 1 1
0043 panda_437621_1998.root 1 1 1 1 1 1
0043 panda_437621_1999.root 1 1 1 1 1 1
0043 panda_437621_2.root 1 1 1 1 1 1
0043 panda_437621_20.root 1 1 1 1 1 1
0043 panda_437621_202.root 1 1 1 1 1 1
0043 panda_437621_203.root 1 1 1 1 1 1
0043 panda_437621_204.root 1 1 1 1 1 1
0043 panda_437621_205.root 1 1 1 1 1 1
0043 panda_437621_206.root 1 1 1 1 1 1
0043 panda_437621_207.root 1 1 1 1 1 1
0044 panda_437621_209.root 1 1 1 1 1 1
0044 panda_437621_21.root 1 1 1 1 1 1
0044 panda_437621_210.root 1 1 1 1 1 1
0044 panda_437621_211.root 1 1 1 1 1 1
0044 panda_437621_213.root 1 1 1 1 1 1
0044 panda_437621_214.root 1 1 1 1 1 1
0044 panda_437621_216.root 1 1 1 1 1 1
0044 panda_437621_217.root 1 1 1 1 1 1
0044 panda_437621_218.root 1 1 1 1 1 1
0044 panda_437621_219.root 1 1 1 1 1 1
0044 panda_437621_220.root 1 1 1 1 1 1
0044 panda_437621_221.root 1 1 1 1 1 1
0044 panda_437621_222.root 1 1 1 1 1 1
0044 panda_437621_224.root 1 1 1 1 1 1
0044 panda_437621_225.root 1 1 1 1 1 1
0044 panda_437621_226.root 1 1 1 1 1 1
0044 panda_437621_227.root 1 1 1 1 1 1
0044 panda_437621_228.root 1 1 1 1 1 1
0044 panda_437621_229.root 1 1 1 1 1 1
0044 panda_437621_23.root 1 1 1 1 1 1
0045 panda_437621_230.root 1 1 1 1 1 1
0045 panda_437621_231.root 1 1 1 1 1 1
0045 panda_437621_232.root 1 1 1 1 1 1
0045 panda_437621_233.root 1 1 1 1 1 1
0045 panda_437621_234.root 1 1 1 1 1 1
0045 panda_437621_235.root 1 1 1 1 1 1
0045 panda_437621_236.root 1 1 1 1 1 1
0045 panda_437621_238.root 1 1 1 1 1 1
0045 panda_437621_239.root 1 1 1 1 1 1
0045 panda_437621_24.root 1 1 1 1 1 1
0045 panda_437621_240.root 1 1 1 1 1 1
0045 panda_437621_241.root 1 1 1 1 1 1
0045 panda_437621_242.root 1 1 1 1 1 1
0045 panda_437621_243.root 1 1 1 1 1 1
0045 panda_437621_244.root 1 1 1 1 1 1
0045 panda_437621_245.root 1 1 1 1 1 1
0045 panda_437621_246.root 1 1 1 1 1 1
0045 panda_437621_247.root 1 1 1 1 1 1
0045 panda_437621_248.root 1 1 1 1 1 1
0045 panda_437621_249.root 1 1 1 1 1 1
0046 panda_437621_25.root 1 1 1 1 1 1
0046 panda_437621_250.root 1 1 1 1 1 1
0046 panda_437621_251.root 1 1 1 1 1 1
0046 panda_437621_252.root 1 1 1 1 1 1
0046 panda_437621_253.root 1 1 1 1 1 1
0046 panda_437621_257.root 1 1 1 1 1 1
0046 panda_437621_258.root 1 1 1 1 1 1
0046 panda_437621_26.root 1 1 1 1 1 1
0046 panda_437621_260.root 1 1 1 1 1 1
0046 panda_437621_261.root 1 1 1 1 1 1
0046 panda_437621_262.root 1 1 1 1 1 1
0046 panda_437621_263.root 1 1 1 1 1 1
0046 panda_437621_264.root 1 1 1 1 1 1
0046 panda_437621_265.root 1 1 1 1 1 1
0046 panda_437621_266.root 1 1 1 1 1 1
0046 panda_437621_268.root 1 1 1 1 1 1
0046 panda_437621_269.root 1 1 1 1 1 1
0046 panda_437621_27.root 1 1 1 1 1 1
0046 panda_437621_270.root 1 1 1 1 1 1
0046 panda_437621_271.root 1 1 1 1 1 1
0047 panda_437621_272.root 1 1 1 1 1 1
0047 panda_437621_273.root 1 1 1 1 1 1
0047 panda_437621_274.root 1 1 1 1 1 1
0047 panda_437621_275.root 1 1 1 1 1 1
0047 panda_437621_276.root 1 1 1 1 1 1
0047 panda_437621_277.root 1 1 1 1 1 1
0047 panda_437621_278.root 1 1 1 1 1 1
0047 panda_437621_279.root 1 1 1 1 1 1
0047 panda_437621_280.root 1 1 1 1 1 1
0047 panda_437621_281.root 1 1 1 1 1 1
0047 panda_437621_282.root 1 1 1 1 1 1
0047 panda_437621_283.root 1 1 1 1 1 1
0047 panda_437621_285.root 1 1 1 1 1 1
0047 panda_437621_286.root 1 1 1 1 1 1
0047 panda_437621_287.root 1 1 1 1 1 1
0047 panda_437621_288.root 1 1 1 1 1 1
0047 panda_437621_289.root 1 1 1 1 1 1
0047 panda_437621_29.root 1 1 1 1 1 1
0047 panda_437621_290.root 1 1 1 1 1 1
0047 panda_437621_291.root 1 1 1 1 1 1
0048 panda_437621_292.root 1 1 1 1 1 1
0048 panda_437621_293.root 1 1 1 1 1 1
0048 panda_437621_294.root 1 1 1 1 1 1
0048 panda_437621_295.root 1 1 1 1 1 1
0048 panda_437621_296.root 1 1 1 1 1 1
0048 panda_437621_297.root 1 1 1 1 1 1
0048 panda_437621_298.root 1 1 1 1 1 1
0048 panda_437621_299.root 1 1 1 1 1 1
0048 panda_437621_3.root 1 1 1 1 1 1
0048 panda_437621_30.root 1 1 1 1 1 1
0048 panda_437621_300.root 1 1 1 1 1 1
0048 panda_437621_301.root 1 1 1 1 1 1
0048 panda_437621_304.root 1 1 1 1 1 1
0048 panda_437621_305.root 1 1 1 1 1 1
0048 panda_437621_306.root 1 1 1 1 1 1
0048 panda_437621_307.root 1 1 1 1 1 1
0048 panda_437621_308.root 1 1 1 1 1 1
0048 panda_437621_309.root 1 1 1 1 1 1
0048 panda_437621_31.root 1 1 1 1 1 1
0048 panda_437621_310.root 1 1 1 1 1 1
0049 panda_437621_311.root 1 1 1 1 1 1
0049 panda_437621_312.root 1 1 1 1 1 1
0049 panda_437621_313.root 1 1 1 1 1 1
0049 panda_437621_314.root 1 1 1 1 1 1
0049 panda_437621_315.root 1 1 1 1 1 1
0049 panda_437621_316.root 1 1 1 1 1 1
0049 panda_437621_317.root 1 1 1 1 1 1
0049 panda_437621_318.root 1 1 1 1 1 1
0049 panda_437621_319.root 1 1 1 1 1 1
0049 panda_437621_320.root 1 1 1 1 1 1
0049 panda_437621_323.root 1 1 1 1 1 1
0049 panda_437621_324.root 1 1 1 1 1 1
0049 panda_437621_325.root 1 1 1 1 1 1
0049 panda_437621_326.root 1 1 1 1 1 1
0049 panda_437621_327.root 1 1 1 1 1 1
0049 panda_437621_328.root 1 1 1 1 1 1
0049 panda_437621_329.root 1 1 1 1 1 1
0049 panda_437621_33.root 1 1 1 1 1 1
0049 panda_437621_330.root 1 1 1 1 1 1
0049 panda_437621_331.root 1 1 1 1 1 1
0050 panda_437621_333.root 1 1 1 1 1 1
0050 panda_437621_334.root 1 1 1 1 1 1
0050 panda_437621_335.root 1 1 1 1 1 1
0050 panda_437621_336.root 1 1 1 1 1 1
0050 panda_437621_337.root 1 1 1 1 1 1
0050 panda_437621_338.root 1 1 1 1 1 1
0050 panda_437621_339.root 1 1 1 1 1 1
0050 panda_437621_341.root 1 1 1 1 1 1
0050 panda_437621_342.root 1 1 1 1 1 1
0050 panda_437621_344.root 1 1 1 1 1 1
0050 panda_437621_346.root 1 1 1 1 1 1
0050 panda_437621_347.root 1 1 1 1 1 1
0050 panda_437621_349.root 1 1 1 1 1 1
0050 panda_437621_35.root 1 1 1 1 1 1
0050 panda_437621_350.root 1 1 1 1 1 1
0050 panda_437621_351.root 1 1 1 1 1 1
0050 panda_437621_352.root 1 1 1 1 1 1
0050 panda_437621_353.root 1 1 1 1 1 1
0050 panda_437621_354.root 1 1 1 1 1 1
0050 panda_437621_355.root 1 1 1 1 1 1
0051 panda_437621_356.root 1 1 1 1 1 1
0051 panda_437621_357.root 1 1 1 1 1 1
0051 panda_437621_358.root 1 1 1 1 1 1
0051 panda_437621_359.root 1 1 1 1 1 1
0051 panda_437621_36.root 1 1 1 1 1 1
0051 panda_437621_360.root 1 1 1 1 1 1
0051 panda_437621_361.root 1 1 1 1 1 1
0051 panda_437621_362.root 1 1 1 1 1 1
0051 panda_437621_363.root 1 1 1 1 1 1
0051 panda_437621_365.root 1 1 1 1 1 1
0051 panda_437621_366.root 1 1 1 1 1 1
0051 panda_437621_367.root 1 1 1 1 1 1
0051 panda_437621_368.root 1 1 1 1 1 1
0051 panda_437621_37.root 1 1 1 1 1 1
0051 panda_437621_370.root 1 1 1 1 1 1
0051 panda_437621_371.root 1 1 1 1 1 1
0051 panda_437621_372.root 1 1 1 1 1 1
0051 panda_437621_373.root 1 1 1 1 1 1
0051 panda_437621_374.root 1 1 1 1 1 1
0051 panda_437621_375.root 1 1 1 1 1 1
0052 panda_437621_376.root 1 1 1 1 1 1
0052 panda_437621_377.root 1 1 1 1 1 1
0052 panda_437621_378.root 1 1 1 1 1 1
0052 panda_437621_379.root 1 1 1 1 1 1
0052 panda_437621_38.root 1 1 1 1 1 1
0052 panda_437621_380.root 1 1 1 1 1 1
0052 panda_437621_381.root 1 1 1 1 1 1
0052 panda_437621_382.root 1 1 1 1 1 1
0052 panda_437621_383.root 1 1 1 1 1 1
0052 panda_437621_384.root 1 1 1 1 1 1
0052 panda_437621_385.root 1 1 1 1 1 1
0052 panda_437621_386.root 1 1 1 1 1 1
0052 panda_437621_387.root 1 1 1 1 1 1
0052 panda_437621_388.root 1 1 1 1 1 1
0052 panda_437621_389.root 1 1 1 1 1 1
0052 panda_437621_39.root 1 1 1 1 1 1
0052 panda_437621_390.root 1 1 1 1 1 1
0052 panda_437621_391.root 1 1 1 1 1 1
0052 panda_437621_392.root 1 1 1 1 1 1
0052 panda_437621_393.root 1 1 1 1 1 1
0053 panda_437621_394.root 1 1 1 1 1 1
0053 panda_437621_395.root 1 1 1 1 1 1
0053 panda_437621_396.root 1 1 1 1 1 1
0053 panda_437621_397.root 1 1 1 1 1 1
0053 panda_437621_398.root 1 1 1 1 1 1
0053 panda_437621_399.root 1 1 1 1 1 1
0053 panda_437621_40.root 1 1 1 1 1 1
0053 panda_437621_400.root 1 1 1 1 1 1
0053 panda_437621_401.root 1 1 1 1 1 1
0053 panda_437621_402.root 1 1 1 1 1 1
0053 panda_437621_403.root 1 1 1 1 1 1
0053 panda_437621_404.root 1 1 1 1 1 1
0053 panda_437621_405.root 1 1 1 1 1 1
0053 panda_437621_406.root 1 1 1 1 1 1
0053 panda_437621_408.root 1 1 1 1 1 1
0053 panda_437621_409.root 1 1 1 1 1 1
0053 panda_437621_41.root 1 1 1 1 1 1
0053 panda_437621_410.root 1 1 1 1 1 1
0053 panda_437621_411.root 1 1 1 1 1 1
0053 panda_437621_412.root 1 1 1 1 1 1
0054 panda_437621_413.root 1 1 1 1 1 1
0054 panda_437621_414.root 1 1 1 1 1 1
0054 panda_437621_415.root 1 1 1 1 1 1
0054 panda_437621_416.root 1 1 1 1 1 1
0054 panda_437621_417.root 1 1 1 1 1 1
0054 panda_437621_418.root 1 1 1 1 1 1
0054 panda_437621_419.root 1 1 1 1 1 1
0054 panda_437621_420.root 1 1 1 1 1 1
0054 panda_437621_421.root 1 1 1 1 1 1
0054 panda_437621_422.root 1 1 1 1 1 1
0054 panda_437621_423.root 1 1 1 1 1 1
0054 panda_437621_424.root 1 1 1 1 1 1
0054 panda_437621_425.root 1 1 1 1 1 1
0054 panda_437621_426.root 1 1 1 1 1 1
0054 panda_437621_427.root 1 1 1 1 1 1
0054 panda_437621_428.root 1 1 1 1 1 1
0054 panda_437621_429.root 1 1 1 1 1 1
0054 panda_437621_43.root 1 1 1 1 1 1
0054 panda_437621_430.root 1 1 1 1 1 1
0054 panda_437621_431.root 1 1 1 1 1 1
0055 panda_437621_432.root 1 1 1 1 1 1
0055 panda_437621_433.root 1 1 1 1 1 1
0055 panda_437621_434.root 1 1 1 1 1 1
0055 panda_437621_435.root 1 1 1 1 1 1
0055 panda_437621_436.root 1 1 1 1 1 1
0055 panda_437621_437.root 1 1 1 1 1 1
0055 panda_437621_438.root 1 1 1 1 1 1
0055 panda_437621_439.root 1 1 1 1 1 1
0055 panda_437621_44.root 1 1 1 1 1 1
0055 panda_437621_440.root 1 1 1 1 1 1
0055 panda_437621_441.root 1 1 1 1 1 1
0055 panda_437621_442.root 1 1 1 1 1 1
0055 panda_437621_443.root 1 1 1 1 1 1
0055 panda_437621_445.root 1 1 1 1 1 1
0055 panda_437621_447.root 1 1 1 1 1 1
0055 panda_437621_448.root 1 1 1 1 1 1
0055 panda_437621_449.root 1 1 1 1 1 1
0055 panda_437621_450.root 1 1 1 1 1 1
0055 panda_437621_451.root 1 1 1 1 1 1
0055 panda_437621_452.root 1 1 1 1 1 1
0056 panda_437621_453.root 1 1 1 1 1 1
0056 panda_437621_454.root 1 1 1 1 1 1
0056 panda_437621_455.root 1 1 1 1 1 1
0056 panda_437621_456.root 1 1 1 1 1 1
0056 panda_437621_457.root 1 1 1 1 1 1
0056 panda_437621_458.root 1 1 1 1 1 1
0056 panda_437621_459.root 1 1 1 1 1 1
0056 panda_437621_46.root 1 1 1 1 1 1
0056 panda_437621_460.root 1 1 1 1 1 1
0056 panda_437621_461.root 1 1 1 1 1 1
0056 panda_437621_462.root 1 1 1 1 1 1
0056 panda_437621_463.root 1 1 1 1 1 1
0056 panda_437621_464.root 1 1 1 1 1 1
0056 panda_437621_465.root 1 1 1 1 1 1
0056 panda_437621_467.root 1 1 1 1 1 1
0056 panda_437621_468.root 1 1 1 1 1 1
0056 panda_437621_469.root 1 1 1 1 1 1
0056 panda_437621_47.root 1 1 1 1 1 1
0056 panda_437621_470.root 1 1 1 1 1 1
0056 panda_437621_471.root 1 1 1 1 1 1
0057 panda_437621_472.root 1 1 1 1 1 1
0057 panda_437621_473.root 1 1 1 1 1 1
0057 panda_437621_474.root 1 1 1 1 1 1
0057 panda_437621_475.root 1 1 1 1 1 1
0057 panda_437621_476.root 1 1 1 1 1 1
0057 panda_437621_478.root 1 1 1 1 1 1
0057 panda_437621_48.root 1 1 1 1 1 1
0057 panda_437621_481.root 1 1 1 1 1 1
0057 panda_437621_482.root 1 1 1 1 1 1
0057 panda_437621_483.root 1 1 1 1 1 1
0057 panda_437621_484.root 1 1 1 1 1 1
0057 panda_437621_485.root 1 1 1 1 1 1
0057 panda_437621_486.root 1 1 1 1 1 1
0057 panda_437621_487.root 1 1 1 1 1 1
0057 panda_437621_488.root 1 1 1 1 1 1
0057 panda_437621_49.root 1 1 1 1 1 1
0057 panda_437621_491.root 1 1 1 1 1 1
0057 panda_437621_492.root 1 1 1 1 1 1
0057 panda_437621_494.root 1 1 1 1 1 1
0057 panda_437621_495.root 1 1 1 1 1 1
0058 panda_437621_496.root 1 1 1 1 1 1
0058 panda_437621_497.root 1 1 1 1 1 1
0058 panda_437621_498.root 1 1 1 1 1 1
0058 panda_437621_499.root 1 1 1 1 1 1
0058 panda_437621_5.root 1 1 1 1 1 1
0058 panda_437621_50.root 1 1 1 1 1 1
0058 panda_437621_500.root 1 1 1 1 1 1
0058 panda_437621_501.root 1 1 1 1 1 1
0058 panda_437621_502.root 1 1 1 1 1 1
0058 panda_437621_503.root 1 1 1 1 1 1
0058 panda_437621_504.root 1 1 1 1 1 1
0058 panda_437621_505.root 1 1 1 1 1 1
0058 panda_437621_506.root 1 1 1 1 1 1
0058 panda_437621_507.root 1 1 1 1 1 1
0058 panda_437621_508.root 1 1 1 1 1 1
0058 panda_437621_509.root 1 1 1 1 1 1
0058 panda_437621_51.root 1 1 1 1 1 1
0058 panda_437621_510.root 1 1 1 1 1 1
0058 panda_437621_511.root 1 1 1 1 1 1
0058 panda_437621_512.root 1 1 1 1 1 1
0059 panda_437621_514.root 1 1 1 1 1 1
0059 panda_437621_515.root 1 1 1 1 1 1
0059 panda_437621_516.root 1 1 1 1 1 1
0059 panda_437621_517.root 1 1 1 1 1 1
0059 panda_437621_518.root 1 1 1 1 1 1
0059 panda_437621_519.root 1 1 1 1 1 1
0059 panda_437621_520.root 1 1 1 1 1 1
0059 panda_437621_521.root 1 1 1 1 1 1
0059 panda_437621_522.root 1 1 1 1 1 1
0059 panda_437621_523.root 1 1 1 1 1 1
0059 panda_437621_524.root 1 1 1 1 1 1
0059 panda_437621_525.root 1 1 1 1 1 1
0059 panda_437621_526.root 1 1 1 1 1 1
0059 panda_437621_527.root 1 1 1 1 1 1
0059 panda_437621_528.root 1 1 1 1 1 1
0059 panda_437621_529.root 1 1 1 1 1 1
0059 panda_437621_53.root 1 1 1 1 1 1
0059 panda_437621_530.root 1 1 1 1 1 1
0059 panda_437621_531.root 1 1 1 1 1 1
0059 panda_437621_533.root 1 1 1 1 1 1
0060 panda_437621_535.root 1 1 1 1 1 1
0060 panda_437621_536.root 1 1 1 1 1 1
0060 panda_437621_537.root 1 1 1 1 1 1
0060 panda_437621_538.root 1 1 1 1 1 1
0060 panda_437621_539.root 1 1 1 1 1 1
0060 panda_437621_54.root 1 1 1 1 1 1
0060 panda_437621_540.root 1 1 1 1 1 1
0060 panda_437621_542.root 1 1 1 1 1 1
0060 panda_437621_543.root 1 1 1 1 1 1
0060 panda_437621_544.root 1 1 1 1 1 1
0060 panda_437621_545.root 1 1 1 1 1 1
0060 panda_437621_546.root 1 1 1 1 1 1
0060 panda_437621_547.root 1 1 1 1 1 1
0060 panda_437621_548.root 1 1 1 1 1 1
0060 panda_437621_549.root 1 1 1 1 1 1
0060 panda_437621_55.root 1 1 1 1 1 1
0060 panda_437621_550.root 1 1 1 1 1 1
0060 panda_437621_552.root 1 1 1 1 1 1
0060 panda_437621_553.root 1 1 1 1 1 1
0060 panda_437621_554.root 1 1 1 1 1 1
0061 panda_437621_555.root 1 1 1 1 1 1
0061 panda_437621_557.root 1 1 1 1 1 1
0061 panda_437621_558.root 1 1 1 1 1 1
0061 panda_437621_559.root 1 1 1 1 1 1
0061 panda_437621_560.root 1 1 1 1 1 1
0061 panda_437621_561.root 1 1 1 1 1 1
0061 panda_437621_562.root 1 1 1 1 1 1
0061 panda_437621_563.root 1 1 1 1 1 1
0061 panda_437621_564.root 1 1 1 1 1 1
0061 panda_437621_565.root 1 1 1 1 1 1
0061 panda_437621_566.root 1 1 1 1 1 1
0061 panda_437621_567.root 1 1 1 1 1 1
0061 panda_437621_568.root 1 1 1 1 1 1
0061 panda_437621_569.root 1 1 1 1 1 1
0061 panda_437621_57.root 1 1 1 1 1 1
0061 panda_437621_570.root 1 1 1 1 1 1
0061 panda_437621_571.root 1 1 1 1 1 1
0061 panda_437621_572.root 1 1 1 1 1 1
0061 panda_437621_573.root 1 1 1 1 1 1
0061 panda_437621_574.root 1 1 1 1 1 1
0062 panda_437621_575.root 1 1 1 1 1 1
0062 panda_437621_576.root 1 1 1 1 1 1
0062 panda_437621_577.root 1 1 1 1 1 1
0062 panda_437621_578.root 1 1 1 1 1 1
0062 panda_437621_58.root 1 1 1 1 1 1
0062 panda_437621_580.root 1 1 1 1 1 1
0062 panda_437621_581.root 1 1 1 1 1 1
0062 panda_437621_583.root 1 1 1 1 1 1
0062 panda_437621_584.root 1 1 1 1 1 1
0062 panda_437621_585.root 1 1 1 1 1 1
0062 panda_437621_586.root 1 1 1 1 1 1
0062 panda_437621_587.root 1 1 1 1 1 1
0062 panda_437621_588.root 1 1 1 1 1 1
0062 panda_437621_589.root 1 1 1 1 1 1
0062 panda_437621_59.root 1 1 1 1 1 1
0062 panda_437621_591.root 1 1 1 1 1 1
0062 panda_437621_593.root 1 1 1 1 1 1
0062 panda_437621_594.root 1 1 1 1 1 1
0062 panda_437621_595.root 1 1 1 1 1 1
0062 panda_437621_596.root 1 1 1 1 1 1
0063 panda_437621_597.root 1 1 1 1 1 1
0063 panda_437621_598.root 1 1 1 1 1 1
0063 panda_437621_599.root 1 1 1 1 1 1
0063 panda_437621_6.root 1 1 1 1 1 1
0063 panda_437621_60.root 1 1 1 1 1 1
0063 panda_437621_600.root 1 1 1 1 1 1
0063 panda_437621_601.root 1 1 1 1 1 1
0063 panda_437621_602.root 1 1 1 1 1 1
0063 panda_437621_603.root 1 1 1 1 1 1
0063 panda_437621_604.root 1 1 1 1 1 1
0063 panda_437621_605.root 1 1 1 1 1 1
0063 panda_437621_606.root 1 1 1 1 1 1
0063 panda_437621_607.root 1 1 1 1 1 1
0063 panda_437621_608.root 1 1 1 1 1 1
0063 panda_437621_609.root 1 1 1 1 1 1
0063 panda_437621_61.root 1 1 1 1 1 1
0063 panda_437621_611.root 1 1 1 1 1 1
0063 panda_437621_612.root 1 1 1 1 1 1
0063 panda_437621_613.root 1 1 1 1 1 1
0063 panda_437621_614.root 1 1 1 1 1 1
0064 panda_437621_615.root 1 1 1 1 1 1
0064 panda_437621_616.root 1 1 1 1 1 1
0064 panda_437621_617.root 1 1 1 1 1 1
0064 panda_437621_618.root 1 1 1 1 1 1
0064 panda_437621_619.root 1 1 1 1 1 1
0064 panda_437621_621.root 1 1 1 1 1 1
0064 panda_437621_622.root 1 1 1 1 1 1
0064 panda_437621_623.root 1 1 1 1 1 1
0064 panda_437621_624.root 1 1 1 1 1 1
0064 panda_437621_625.root 1 1 1 1 1 1
0064 panda_437621_626.root 1 1 1 1 1 1
0064 panda_437621_627.root 1 1 1 1 1 1
0064 panda_437621_628.root 1 1 1 1 1 1
0064 panda_437621_629.root 1 1 1 1 1 1
0064 panda_437621_63.root 1 1 1 1 1 1
0064 panda_437621_630.root 1 1 1 1 1 1
0064 panda_437621_631.root 1 1 1 1 1 1
0064 panda_437621_632.root 1 1 1 1 1 1
0064 panda_437621_633.root 1 1 1 1 1 1
0064 panda_437621_634.root 1 1 1 1 1 1
0065 panda_437621_636.root 1 1 1 1 1 1
0065 panda_437621_638.root 1 1 1 1 1 1
0065 panda_437621_639.root 1 1 1 1 1 1
0065 panda_437621_64.root 1 1 1 1 1 1
0065 panda_437621_640.root 1 1 1 1 1 1
0065 panda_437621_641.root 1 1 1 1 1 1
0065 panda_437621_642.root 1 1 1 1 1 1
0065 panda_437621_643.root 1 1 1 1 1 1
0065 panda_437621_644.root 1 1 1 1 1 1
0065 panda_437621_646.root 1 1 1 1 1 1
0065 panda_437621_647.root 1 1 1 1 1 1
0065 panda_437621_648.root 1 1 1 1 1 1
0065 panda_437621_649.root 1 1 1 1 1 1
0065 panda_437621_650.root 1 1 1 1 1 1
0065 panda_437621_651.root 1 1 1 1 1 1
0065 panda_437621_652.root 1 1 1 1 1 1
0065 panda_437621_653.root 1 1 1 1 1 1
0065 panda_437621_654.root 1 1 1 1 1 1
0065 panda_437621_655.root 1 1 1 1 1 1
0065 panda_437621_656.root 1 1 1 1 1 1
0066 panda_437621_658.root 1 1 1 1 1 1
0066 panda_437621_66.root 1 1 1 1 1 1
0066 panda_437621_660.root 1 1 1 1 1 1
0066 panda_437621_661.root 1 1 1 1 1 1
0066 panda_437621_662.root 1 1 1 1 1 1
0066 panda_437621_663.root 1 1 1 1 1 1
0066 panda_437621_664.root 1 1 1 1 1 1
0066 panda_437621_665.root 1 1 1 1 1 1
0066 panda_437621_666.root 1 1 1 1 1 1
0066 panda_437621_667.root 1 1 1 1 1 1
0066 panda_437621_669.root 1 1 1 1 1 1
0066 panda_437621_67.root 1 1 1 1 1 1
0066 panda_437621_671.root 1 1 1 1 1 1
0066 panda_437621_672.root 1 1 1 1 1 1
0066 panda_437621_673.root 1 1 1 1 1 1
0066 panda_437621_674.root 1 1 1 1 1 1
0066 panda_437621_675.root 1 1 1 1 1 1
0066 panda_437621_677.root 1 1 1 1 1 1
0066 panda_437621_678.root 1 1 1 1 1 1
0066 panda_437621_679.root 1 1 1 1 1 1
0067 panda_437621_68.root 1 1 1 1 1 1
0067 panda_437621_680.root 1 1 1 1 1 1
0067 panda_437621_681.root 1 1 1 1 1 1
0067 panda_437621_682.root 1 1 1 1 1 1
0067 panda_437621_683.root 1 1 1 1 1 1
0067 panda_437621_685.root 1 1 1 1 1 1
0067 panda_437621_686.root 1 1 1 1 1 1
0067 panda_437621_687.root 1 1 1 1 1 1
0067 panda_437621_688.root 1 1 1 1 1 1
0067 panda_437621_689.root 1 1 1 1 1 1
0067 panda_437621_690.root 1 1 1 1 1 1
0067 panda_437621_691.root 1 1 1 1 1 1
0067 panda_437621_692.root 1 1 1 1 1 1
0067 panda_437621_693.root 1 1 1 1 1 1
0067 panda_437621_694.root 1 1 1 1 1 1
0067 panda_437621_695.root 1 1 1 1 1 1
0067 panda_437621_696.root 1 1 1 1 1 1
0067 panda_437621_697.root 1 1 1 1 1 1
0067 panda_437621_698.root 1 1 1 1 1 1
0067 panda_437621_699.root 1 1 1 1 1 1
0068 panda_437621_7.root 1 1 1 1 1 1
0068 panda_437621_70.root 1 1 1 1 1 1
0068 panda_437621_701.root 1 1 1 1 1 1
0068 panda_437621_702.root 1 1 1 1 1 1
0068 panda_437621_703.root 1 1 1 1 1 1
0068 panda_437621_704.root 1 1 1 1 1 1
0068 panda_437621_705.root 1 1 1 1 1 1
0068 panda_437621_706.root 1 1 1 1 1 1
0068 panda_437621_707.root 1 1 1 1 1 1
0068 panda_437621_708.root 1 1 1 1 1 1
0068 panda_437621_709.root 1 1 1 1 1 1
0068 panda_437621_71.root 1 1 1 1 1 1
0068 panda_437621_710.root 1 1 1 1 1 1
0068 panda_437621_711.root 1 1 1 1 1 1
0068 panda_437621_712.root 1 1 1 1 1 1
0068 panda_437621_713.root 1 1 1 1 1 1
0068 panda_437621_714.root 1 1 1 1 1 1
0068 panda_437621_715.root 1 1 1 1 1 1
0068 panda_437621_716.root 1 1 1 1 1 1
0068 panda_437621_717.root 1 1 1 1 1 1
0069 panda_437621_718.root 1 1 1 1 1 1
0069 panda_437621_719.root 1 1 1 1 1 1
0069 panda_437621_72.root 1 1 1 1 1 1
0069 panda_437621_721.root 1 1 1 1 1 1
0069 panda_437621_722.root 1 1 1 1 1 1
0069 panda_437621_723.root 1 1 1 1 1 1
0069 panda_437621_724.root 1 1 1 1 1 1
0069 panda_437621_725.root 1 1 1 1 1 1
0069 panda_437621_726.root 1 1 1 1 1 1
0069 panda_437621_727.root 1 1 1 1 1 1
0069 panda_437621_728.root 1 1 1 1 1 1
0069 panda_437621_729.root 1 1 1 1 1 1
0069 panda_437621_73.root 1 1 1 1 1 1
0069 panda_437621_730.root 1 1 1 1 1 1
0069 panda_437621_731.root 1 1 1 1 1 1
0069 panda_437621_732.root 1 1 1 1 1 1
0069 panda_437621_733.root 1 1 1 1 1 1
0069 panda_437621_734.root 1 1 1 1 1 1
0069 panda_437621_736.root 1 1 1 1 1 1
0069 panda_437621_737.root 1 1 1 1 1 1
0070 panda_437621_738.root 1 1 1 1 1 1
0070 panda_437621_739.root 1 1 1 1 1 1
0070 panda_437621_74.root 1 1 1 1 1 1
0070 panda_437621_740.root 1 1 1 1 1 1
0070 panda_437621_741.root 1 1 1 1 1 1
0070 panda_437621_742.root 1 1 1 1 1 1
0070 panda_437621_743.root 1 1 1 1 1 1
0070 panda_437621_744.root 1 1 1 1 1 1
0070 panda_437621_745.root 1 1 1 1 1 1
0070 panda_437621_746.root 1 1 1 1 1 1
0070 panda_437621_747.root 1 1 1 1 1 1
0070 panda_437621_748.root 1 1 1 1 1 1
0070 panda_437621_749.root 1 1 1 1 1 1
0070 panda_437621_75.root 1 1 1 1 1 1
0070 panda_437621_750.root 1 1 1 1 1 1
0070 panda_437621_751.root 1 1 1 1 1 1
0070 panda_437621_752.root 1 1 1 1 1 1
0070 panda_437621_753.root 1 1 1 1 1 1
0070 panda_437621_754.root 1 1 1 1 1 1
0070 panda_437621_755.root 1 1 1 1 1 1
0071 panda_437621_757.root 1 1 1 1 1 1
0071 panda_437621_758.root 1 1 1 1 1 1
0071 panda_437621_759.root 1 1 1 1 1 1
0071 panda_437621_76.root 1 1 1 1 1 1
0071 panda_437621_760.root 1 1 1 1 1 1
0071 panda_437621_761.root 1 1 1 1 1 1
0071 panda_437621_762.root 1 1 1 1 1 1
0071 panda_437621_763.root 1 1 1 1 1 1
0071 panda_437621_765.root 1 1 1 1 1 1
0071 panda_437621_766.root 1 1 1 1 1 1
0071 panda_437621_767.root 1 1 1 1 1 1
0071 panda_437621_768.root 1 1 1 1 1 1
0071 panda_437621_769.root 1 1 1 1 1 1
0071 panda_437621_77.root 1 1 1 1 1 1
0071 panda_437621_770.root 1 1 1 1 1 1
0071 panda_437621_771.root 1 1 1 1 1 1
0071 panda_437621_772.root 1 1 1 1 1 1
0071 panda_437621_773.root 1 1 1 1 1 1
0071 panda_437621_774.root 1 1 1 1 1 1
0071 panda_437621_775.root 1 1 1 1 1 1
0072 panda_437621_776.root 1 1 1 1 1 1
0072 panda_437621_777.root 1 1 1 1 1 1
0072 panda_437621_778.root 1 1 1 1 1 1
0072 panda_437621_779.root 1 1 1 1 1 1
0072 panda_437621_78.root 1 1 1 1 1 1
0072 panda_437621_780.root 1 1 1 1 1 1
0072 panda_437621_781.root 1 1 1 1 1 1
0072 panda_437621_782.root 1 1 1 1 1 1
0072 panda_437621_783.root 1 1 1 1 1 1
0072 panda_437621_784.root 1 1 1 1 1 1
0072 panda_437621_785.root 1 1 1 1 1 1
0072 panda_437621_786.root 1 1 1 1 1 1
0072 panda_437621_787.root 1 1 1 1 1 1
0072 panda_437621_788.root 1 1 1 1 1 1
0072 panda_437621_789.root 1 1 1 1 1 1
0072 panda_437621_79.root 1 1 1 1 1 1
0072 panda_437621_790.root 1 1 1 1 1 1
0072 panda_437621_791.root 1 1 1 1 1 1
0072 panda_437621_792.root 1 1 1 1 1 1
0072 panda_437621_793.root 1 1 1 1 1 1
0073 panda_437621_794.root 1 1 1 1 1 1
0073 panda_437621_795.root 1 1 1 1 1 1
0073 panda_437621_796.root 1 1 1 1 1 1
0073 panda_437621_798.root 1 1 1 1 1 1
0073 panda_437621_8.root 1 1 1 1 1 1
0073 panda_437621_80.root 1 1 1 1 1 1
0073 panda_437621_800.root 1 1 1 1 1 1
0073 panda_437621_801.root 1 1 1 1 1 1
0073 panda_437621_802.root 1 1 1 1 1 1
0073 panda_437621_803.root 1 1 1 1 1 1
0073 panda_437621_804.root 1 1 1 1 1 1
0073 panda_437621_805.root 1 1 1 1 1 1
0073 panda_437621_806.root 1 1 1 1 1 1
0073 panda_437621_807.root 1 1 1 1 1 1
0073 panda_437621_808.root 1 1 1 1 1 1
0073 panda_437621_809.root 1 1 1 1 1 1
0073 panda_437621_81.root 1 1 1 1 1 1
0073 panda_437621_810.root 1 1 1 1 1 1
0073 panda_437621_811.root 1 1 1 1 1 1
0073 panda_437621_812.root 1 1 1 1 1 1
0074 panda_437621_813.root 1 1 1 1 1 1
0074 panda_437621_815.root 1 1 1 1 1 1
0074 panda_437621_816.root 1 1 1 1 1 1
0074 panda_437621_817.root 1 1 1 1 1 1
0074 panda_437621_818.root 1 1 1 1 1 1
0074 panda_437621_819.root 1 1 1 1 1 1
0074 panda_437621_82.root 1 1 1 1 1 1
0074 panda_437621_820.root 1 1 1 1 1 1
0074 panda_437621_821.root 1 1 1 1 1 1
0074 panda_437621_822.root 1 1 1 1 1 1
0074 panda_437621_823.root 1 1 1 1 1 1
0074 panda_437621_824.root 1 1 1 1 1 1
0074 panda_437621_825.root 1 1 1 1 1 1
0074 panda_437621_826.root 1 1 1 1 1 1
0074 panda_437621_827.root 1 1 1 1 1 1
0074 panda_437621_828.root 1 1 1 1 1 1
0074 panda_437621_829.root 1 1 1 1 1 1
0074 panda_437621_83.root 1 1 1 1 1 1
0074 panda_437621_830.root 1 1 1 1 1 1
0074 panda_437621_831.root 1 1 1 1 1 1
0075 panda_437621_832.root 1 1 1 1 1 1
0075 panda_437621_833.root 1 1 1 1 1 1
0075 panda_437621_834.root 1 1 1 1 1 1
0075 panda_437621_835.root 1 1 1 1 1 1
0075 panda_437621_836.root 1 1 1 1 1 1
0075 panda_437621_837.root 1 1 1 1 1 1
0075 panda_437621_839.root 1 1 1 1 1 1
0075 panda_437621_84.root 1 1 1 1 1 1
0075 panda_437621_840.root 1 1 1 1 1 1
0075 panda_437621_841.root 1 1 1 1 1 1
0075 panda_437621_842.root 1 1 1 1 1 1
0075 panda_437621_843.root 1 1 1 1 1 1
0075 panda_437621_844.root 1 1 1 1 1 1
0075 panda_437621_845.root 1 1 1 1 1 1
0075 panda_437621_846.root 1 1 1 1 1 1
0075 panda_437621_847.root 1 1 1 1 1 1
0075 panda_437621_848.root 1 1 1 1 1 1
0075 panda_437621_849.root 1 1 1 1 1 1
0075 panda_437621_85.root 1 1 1 1 1 1
0075 panda_437621_851.root 1 1 1 1 1 1
0076 panda_437621_853.root 1 1 1 1 1 1
0076 panda_437621_854.root 1 1 1 1 1 1
0076 panda_437621_855.root 1 1 1 1 1 1
0076 panda_437621_856.root 1 1 1 1 1 1
0076 panda_437621_857.root 1 1 1 1 1 1
0076 panda_437621_858.root 1 1 1 1 1 1
0076 panda_437621_859.root 1 1 1 1 1 1
0076 panda_437621_860.root 1 1 1 1 1 1
0076 panda_437621_862.root 1 1 1 1 1 1
0076 panda_437621_863.root 1 1 1 1 1 1
0076 panda_437621_864.root 1 1 1 1 1 1
0076 panda_437621_865.root 1 1 1 1 1 1
0076 panda_437621_866.root 1 1 1 1 1 1
0076 panda_437621_868.root 1 1 1 1 1 1
0076 panda_437621_869.root 1 1 1 1 1 1
0076 panda_437621_870.root 1 1 1 1 1 1
0076 panda_437621_871.root 1 1 1 1 1 1
0076 panda_437621_873.root 1 1 1 1 1 1
0076 panda_437621_874.root 1 1 1 1 1 1
0076 panda_437621_875.root 1 1 1 1 1 1
0077 panda_437621_876.root 1 1 1 1 1 1
0077 panda_437621_877.root 1 1 1 1 1 1
0077 panda_437621_878.root 1 1 1 1 1 1
0077 panda_437621_879.root 1 1 1 1 1 1
0077 panda_437621_88.root 1 1 1 1 1 1
0077 panda_437621_880.root 1 1 1 1 1 1
0077 panda_437621_881.root 1 1 1 1 1 1
0077 panda_437621_882.root 1 1 1 1 1 1
0077 panda_437621_883.root 1 1 1 1 1 1
0077 panda_437621_884.root 1 1 1 1 1 1
0077 panda_437621_885.root 1 1 1 1 1 1
0077 panda_437621_886.root 1 1 1 1 1 1
0077 panda_437621_887.root 1 1 1 1 1 1
0077 panda_437621_888.root 1 1 1 1 1 1
0077 panda_437621_889.root 1 1 1 1 1 1
0077 panda_437621_89.root 1 1 1 1 1 1
0077 panda_437621_890.root 1 1 1 1 1 1
0077 panda_437621_891.root 1 1 1 1 1 1
0077 panda_437621_892.root 1 1 1 1 1 1
0077 panda_437621_893.root 1 1 1 1 1 1
0078 panda_437621_894.root 1 1 1 1 1 1
0078 panda_437621_895.root 1 1 1 1 1 1
0078 panda_437621_896.root 1 1 1 1 1 1
0078 panda_437621_897.root 1 1 1 1 1 1
0078 panda_437621_898.root 1 1 1 1 1 1
0078 panda_437621_899.root 1 1 1 1 1 1
0078 panda_437621_9.root 1 1 1 1 1 1
0078 panda_437621_90.root 1 1 1 1 1 1
0078 panda_437621_901.root 1 1 1 1 1 1
0078 panda_437621_902.root 1 1 1 1 1 1
0078 panda_437621_903.root 1 1 1 1 1 1
0078 panda_437621_904.root 1 1 1 1 1 1
0078 panda_437621_905.root 1 1 1 1 1 1
0078 panda_437621_906.root 1 1 1 1 1 1
0078 panda_437621_909.root 1 1 1 1 1 1
0078 panda_437621_910.root 1 1 1 1 1 1
0078 panda_437621_913.root 1 1 1 1 1 1
0078 panda_437621_915.root 1 1 1 1 1 1
0078 panda_437621_917.root 1 1 1 1 1 1
0078 panda_437621_918.root 1 1 1 1 1 1
0079 panda_437621_919.root 1 1 1 1 1 1
0079 panda_437621_920.root 1 1 1 1 1 1
0079 panda_437621_921.root 1 1 1 1 1 1
0079 panda_437621_922.root 1 1 1 1 1 1
0079 panda_437621_923.root 1 1 1 1 1 1
0079 panda_437621_924.root 1 1 1 1 1 1
0079 panda_437621_925.root 1 1 1 1 1 1
0079 panda_437621_926.root 1 1 1 1 1 1
0079 panda_437621_927.root 1 1 1 1 1 1
0079 panda_437621_928.root 1 1 1 1 1 1
0079 panda_437621_93.root 1 1 1 1 1 1
0079 panda_437621_930.root 1 1 1 1 1 1
0079 panda_437621_931.root 1 1 1 1 1 1
0079 panda_437621_932.root 1 1 1 1 1 1
0079 panda_437621_933.root 1 1 1 1 1 1
0079 panda_437621_934.root 1 1 1 1 1 1
0079 panda_437621_935.root 1 1 1 1 1 1
0079 panda_437621_936.root 1 1 1 1 1 1
0079 panda_437621_937.root 1 1 1 1 1 1
0079 panda_437621_938.root 1 1 1 1 1 1
0080 panda_437621_939.root 1 1 1 1 1 1
0080 panda_437621_94.root 1 1 1 1 1 1
0080 panda_437621_940.root 1 1 1 1 1 1
0080 panda_437621_941.root 1 1 1 1 1 1
0080 panda_437621_942.root 1 1 1 1 1 1
0080 panda_437621_943.root 1 1 1 1 1 1
0080 panda_437621_944.root 1 1 1 1 1 1
0080 panda_437621_945.root 1 1 1 1 1 1
0080 panda_437621_946.root 1 1 1 1 1 1
0080 panda_437621_947.root 1 1 1 1 1 1
0080 panda_437621_948.root 1 1 1 1 1 1
0080 panda_437621_949.root 1 1 1 1 1 1
0080 panda_437621_95.root 1 1 1 1 1 1
0080 panda_437621_950.root 1 1 1 1 1 1
0080 panda_437621_951.root 1 1 1 1 1 1
0080 panda_437621_952.root 1 1 1 1 1 1
0080 panda_437621_953.root 1 1 1 1 1 1
0080 panda_437621_954.root 1 1 1 1 1 1
0080 panda_437621_955.root 1 1 1 1 1 1
0080 panda_437621_956.root 1 1 1 1 1 1
0081 panda_437621_957.root 1 1 1 1 1 1
0081 panda_437621_958.root 1 1 1 1 1 1
0081 panda_437621_959.root 1 1 1 1 1 1
0081 panda_437621_96.root 1 1 1 1 1 1
0081 panda_437621_960.root 1 1 1 1 1 1
0081 panda_437621_961.root 1 1 1 1 1 1
0081 panda_437621_962.root 1 1 1 1 1 1
0081 panda_437621_963.root 1 1 1 1 1 1
0081 panda_437621_964.root 1 1 1 1 1 1
0081 panda_437621_965.root 1 1 1 1 1 1
0081 panda_437621_966.root 1 1 1 1 1 1
0081 panda_437621_968.root 1 1 1 1 1 1
0081 panda_437621_969.root 1 1 1 1 1 1
0081 panda_437621_97.root 1 1 1 1 1 1
0081 panda_437621_970.root 1 1 1 1 1 1
0081 panda_437621_971.root 1 1 1 1 1 1
0081 panda_437621_972.root 1 1 1 1 1 1
0081 panda_437621_973.root 1 1 1 1 1 1
0081 panda_437621_974.root 1 1 1 1 1 1
0081 panda_437621_975.root 1 1 1 1 1 1
0082 panda_437621_976.root 1 1 1 1 1 1
0082 panda_437621_978.root 1 1 1 1 1 1
0082 panda_437621_979.root 1 1 1 1 1 1
0082 panda_437621_98.root 1 1 1 1 1 1
0082 panda_437621_980.root 1 1 1 1 1 1
0082 panda_437621_981.root 1 1 1 1 1 1
0082 panda_437621_982.root 1 1 1 1 1 1
0082 panda_437621_983.root 1 1 1 1 1 1
0082 panda_437621_984.root 1 1 1 1 1 1
0082 panda_437621_985.root 1 1 1 1 1 1
0082 panda_437621_987.root 1 1 1 1 1 1
0082 panda_437621_988.root 1 1 1 1 1 1
0082 panda_437621_989.root 1 1 1 1 1 1
0082 panda_437621_99.root 1 1 1 1 1 1
0082 panda_437621_990.root 1 1 1 1 1 1
0082 panda_437621_991.root 1 1 1 1 1 1
0082 panda_437621_992.root 1 1 1 1 1 1
0082 panda_437621_993.root 1 1 1 1 1 1
0082 panda_437621_994.root 1 1 1 1 1 1
0082 panda_437621_995.root 1 1 1 1 1 1
0083 panda_437621_998.root 1 1 1 1 1 1
0083 panda_437621_999.root 1 1 1 1 1 1
