   10.000000000000000        0.0000000000000000        0.0000000000000000     
   30.000000000000000        0.0000000000000000        0.0000000000000000     
   50.000000000000000        0.0000000000000000        0.0000000000000000     
   70.000000000000000        0.0000000000000000        0.0000000000000000     
   90.000000000000000        0.0000000000000000        0.0000000000000000     
   110.00000000000000        7.4613240259855006E-005   1.8633956813063745E-006
   130.00000000000000        1.6464897416842552E-004   2.2030129881052024E-006
   150.00000000000000        2.2025970996419078E-004   3.6356704782330476E-006
   170.00000000000000        2.8486579143937658E-004   3.3758959015337328E-006
   190.00000000000000        3.3383001309929982E-004   4.1420386417851642E-006
   210.00000000000000        3.8506303375255928E-004   4.5966095193561380E-006
   230.00000000000000        4.3427396466522855E-004   5.5782907206279545E-006
   250.00000000000000        4.7965330016461021E-004   5.7034667861161360E-006
   270.00000000000000        5.3822346349152858E-004   7.0537454854104811E-006
   290.00000000000000        5.8587354786746775E-004   6.9127770843169923E-006
   310.00000000000000        6.3409514947364981E-004   8.1545998800109998E-006
   330.00000000000000        6.9538222917697691E-004   8.4572780793756956E-006
   350.00000000000000        7.4835656953320861E-004   8.8235164386327743E-006
   370.00000000000000        7.8824637645925270E-004   1.0885457264998110E-005
   390.00000000000000        8.3352127185188794E-004   2.2133809890029535E-005
   410.00000000000000        8.9916444687078597E-004   1.4711470403912051E-005
   430.00000000000000        9.7586968049126184E-004   1.1731482619950678E-005
   450.00000000000000        1.0155881697482094E-003   1.2693753611823062E-005
   470.00000000000000        1.0618489042331103E-003   1.7337158555614788E-005
   490.00000000000000        1.1402876050068378E-003   1.4347600797048172E-005
   510.00000000000000        1.1634325853906572E-003   1.4305055192719519E-005
   530.00000000000000        1.2542971915887795E-003   1.5946651173569868E-005
   550.00000000000000        1.2979436052169807E-003   2.1903673890775719E-005
   570.00000000000000        1.3648108179242073E-003   1.8784961825437125E-005
   590.00000000000000        1.4086255361157474E-003   2.0889713592701462E-005
   610.00000000000000        1.4843077890432318E-003   2.1200653649920012E-005
   630.00000000000000        1.5330410330782040E-003   2.7700399798984587E-005
   650.00000000000000        1.6260331664271308E-003   2.4292737587833452E-005
   670.00000000000000        1.6828451415091088E-003   2.4969450175281690E-005
   690.00000000000000        1.7460694482560714E-003   3.5046662616015926E-005
   710.00000000000000        1.8008975721681352E-003   3.5850328004570395E-005
   730.00000000000000        1.8348466183297186E-003   5.3828436017113087E-005
   750.00000000000000        1.9717664666585276E-003   3.4613639343020673E-005
   770.00000000000000        2.0908051225582134E-003   3.3780110001751630E-005
   790.00000000000000        2.0605951963685218E-003   4.0389218166660914E-005
   810.00000000000000        2.2169828273666896E-003   3.8001070239947699E-005
   830.00000000000000        2.2711197360978951E-003   4.6373525059510001E-005
   850.00000000000000        2.2375266154519807E-003   7.0620531617124953E-005
   870.00000000000000        2.3776653149753329E-003   4.4052320545843535E-005
   890.00000000000000        2.5077174989842615E-003   4.8809247740124957E-005
   910.00000000000000        2.5983173596336707E-003   5.3175259681111763E-005
   930.00000000000000        2.6498077848039034E-003   5.2460610362740157E-005
   950.00000000000000        2.7868298184200737E-003   5.5505402184098834E-005
   970.00000000000000        2.8493680191493480E-003   5.8534437843307067E-005
   990.00000000000000        3.0005317125916865E-003   6.3880320639824077E-005
   1010.0000000000000        3.0137799316284561E-003   6.4645727600405126E-005
   1030.0000000000000        3.0733722361701602E-003   6.7762245904974164E-005
   1050.0000000000000        3.0973692072379278E-003   7.4875690053039819E-005
   1070.0000000000000        3.2655012272786227E-003   7.6935348051190822E-005
   1090.0000000000000        3.4319115028256298E-003   8.0075667127991408E-005
   1110.0000000000000        3.5563022117993484E-003   8.3372035732807786E-005
   1130.0000000000000        3.6643692385829206E-003   8.9546951486137641E-005
   1150.0000000000000        3.7445224239759573E-003   9.4239337491243167E-005
   1170.0000000000000        3.6098472903377267E-003   1.4727442488628021E-004
   1190.0000000000000        3.8549223077404596E-003   9.9651973499889084E-005
   1210.0000000000000        3.9532090352327057E-003   1.1103251757759185E-004
   1230.0000000000000        4.0587694542458556E-003   1.0619592861898867E-004
   1250.0000000000000        4.4481543247168543E-003   1.2582490430656452E-004
   1270.0000000000000        4.5410811615723221E-003   1.2349507229021244E-004
   1290.0000000000000        4.4878697230426321E-003   1.2965984344489074E-004
   1310.0000000000000        4.8082452672905326E-003   1.6338661394061402E-004
   1330.0000000000000        4.8112803020144163E-003   1.8034685110594159E-004
   1350.0000000000000        4.8079640170564531E-003   1.6827100153250335E-004
   1370.0000000000000        5.2516098708122677E-003   1.6625353772816340E-004
   1390.0000000000000        5.1936810820861039E-003   1.5944454432671954E-004
   1410.0000000000000        5.6723380303457813E-003   1.7028210519644420E-004
   1430.0000000000000        5.8312429929899892E-003   1.8119204538253545E-004
   1450.0000000000000        5.7833146420729039E-003   2.5715382057884308E-004
   1470.0000000000000        5.9446909836459640E-003   2.0048193963614598E-004
   1490.0000000000000        6.3259812342356999E-003   2.1519373110715919E-004
   1510.0000000000000        6.0552097826058211E-003   2.0669108957370891E-004
   1530.0000000000000        6.2665457503128120E-003   2.3569416704169438E-004
   1550.0000000000000        6.6231129796206455E-003   2.4042196454714660E-004
   1570.0000000000000        6.7182588246743925E-003   2.6229054211933297E-004
   1590.0000000000000        7.1321358732116726E-003   2.7061410648292878E-004
   1610.0000000000000        7.4620256087646131E-003   3.1148460229057955E-004
   1630.0000000000000        7.2716518704812813E-003   2.6695041958560309E-004
   1650.0000000000000        8.1414502042066184E-003   3.1270259390387729E-004
   1670.0000000000000        7.8755313429743311E-003   3.0996167844230216E-004
   1690.0000000000000        8.4143716780694187E-003   3.1833645553417100E-004
   1710.0000000000000        8.3309398220019083E-003   3.5345603148174916E-004
   1730.0000000000000        9.8538105200457696E-003   4.1096850096611310E-004
   1750.0000000000000        8.8877199735986206E-003   4.1613711963920074E-004
   1770.0000000000000        9.8071683300204205E-003   3.9583542466483664E-004
   1790.0000000000000        9.8669640139444782E-003   4.2919591375882690E-004
   1810.0000000000000        9.5851934542032398E-003   4.2355740068883766E-004
   1830.0000000000000        1.1049076812629661E-002   4.6584863337134120E-004
   1850.0000000000000        1.2373802290065034E-002   5.2835432809251548E-004
   1870.0000000000000        1.0847481008444078E-002   5.1610891048348053E-004
   1890.0000000000000        1.1545010812421892E-002   4.8951536692273009E-004
   1910.0000000000000        1.2970611617166047E-002   5.7063144968525815E-004
   1930.0000000000000        1.3239034242746646E-002   6.0736605623093215E-004
   1950.0000000000000        1.3205549496993346E-002   6.4677708144043368E-004
   1970.0000000000000        1.3256136900421404E-002   6.4590134915280513E-004
   1990.0000000000000        1.4884056860168107E-002   7.7228502725914096E-004

