   10.000000000000000        5.8192549621245990E-003   3.5719881546932858E-005
   30.000000000000000        1.3346540237885594E-002   4.6164328736530680E-005
   50.000000000000000        3.2987959691407991E-002   1.2474964912928912E-004
   70.000000000000000        5.0962544711838781E-002   2.1088686499450015E-004
   90.000000000000000        6.4634582393891901E-002   2.9094511598658240E-004
   110.00000000000000        7.5906816748194522E-002   3.9399090028983036E-004
   130.00000000000000        8.5049409199152895E-002   4.9331703265061198E-004
   150.00000000000000        9.3696612342436966E-002   5.8058255236523011E-004
   170.00000000000000       0.10187025949525665        6.9913605880301578E-004
   190.00000000000000       0.10887915862178049        8.0229660954338189E-004
   210.00000000000000       0.11694989140557770        9.4817954951584218E-004
   230.00000000000000       0.12469084580075025        1.0577748250620968E-003
   250.00000000000000       0.13526416250511383        1.2428941068712406E-003
   270.00000000000000       0.13943549086520046        1.3360475557013692E-003
   290.00000000000000       0.14577523169192819        1.4988668467321290E-003
   310.00000000000000       0.15711578071494028        1.7025193899061755E-003
   330.00000000000000       0.16022915163308232        1.8136949404911277E-003
   350.00000000000000       0.17364469036587654        2.1344704234215186E-003
   370.00000000000000       0.17901715191316667        2.1239005635819183E-003
   390.00000000000000       0.18297916744334675        2.4472556189424422E-003
   410.00000000000000       0.19215918368275503        2.6171753846398770E-003
   430.00000000000000       0.19984294027078522        2.8702320909451593E-003
   450.00000000000000       0.21086398189875760        3.1666454657895619E-003
   470.00000000000000       0.21061061664635847        3.1789317328280321E-003
   490.00000000000000       0.22237450280073148        3.5103257868766670E-003
   510.00000000000000       0.22856264253709724        3.8051160612446802E-003
   530.00000000000000       0.23722689583420123        3.9482666358883331E-003
   550.00000000000000       0.24800515494413325        4.7160866202506325E-003
   570.00000000000000       0.25763903585151765        5.3226655944590105E-003
   590.00000000000000       0.26305480216719418        5.1650417695676644E-003
   610.00000000000000       0.26414453740495170        5.4536264060905627E-003
   630.00000000000000       0.27982267420690626        6.5688800537520775E-003
   650.00000000000000       0.27472561302676463        6.1257115398564927E-003
   670.00000000000000       0.29494374070312074        6.6503455240032134E-003
   690.00000000000000       0.29267119514167472        6.6314299115440428E-003
   710.00000000000000       0.31286650169610541        7.5495126736486885E-003
   730.00000000000000       0.29981138138512298        8.0335347555894176E-003
   750.00000000000000       0.33338395878443522        8.4612884501529869E-003
   770.00000000000000       0.33391926424871016        9.3107250095112379E-003
   790.00000000000000       0.33790229442165864        8.3759247812002363E-003
   810.00000000000000       0.33506464453261497        9.7610441645697484E-003
   830.00000000000000       0.35947451020616455        1.0239794314014530E-002
   850.00000000000000       0.38574136151590843        1.1123910236721719E-002
   870.00000000000000       0.36104630978613367        1.0743576672175993E-002
   890.00000000000000       0.37642735013771234        1.1077640954915957E-002
   910.00000000000000       0.37104298289621018        1.1807603820365236E-002
   930.00000000000000       0.41116304348999749        1.3436900202272348E-002
   950.00000000000000       0.38963499769809118        1.2876149308412181E-002
   970.00000000000000       0.43550733752970028        1.4464666577780137E-002
   990.00000000000000       0.42878323201110863        1.4507009498236544E-002
   1010.0000000000000       0.44523232799326373        1.5904414483190649E-002
   1030.0000000000000       0.48040170727213050        1.7891213467163835E-002
   1050.0000000000000       0.46724351383390045        1.7769394386960798E-002
   1070.0000000000000       0.44494657054430714        1.6031504520481202E-002
   1090.0000000000000       0.51274858069121187        2.0426258627190212E-002
   1110.0000000000000       0.52678281124649362        2.2402071840644515E-002
   1130.0000000000000       0.50087049502873704        2.0907105806496101E-002
   1150.0000000000000       0.53287033167475417        2.2273038232761274E-002
   1170.0000000000000       0.54761112991390815        2.2566650775027498E-002
   1190.0000000000000       0.52452524887258622        2.1743414023815053E-002
   1210.0000000000000       0.53177751806420148        2.3579971301354467E-002
   1230.0000000000000       0.62394265442249564        3.1874966472987258E-002
   1250.0000000000000       0.61027094735787168        2.9043853012659153E-002
   1270.0000000000000       0.57887058013569104        2.5480738238471135E-002
   1290.0000000000000       0.62808670676475087        2.9066931371177791E-002
   1310.0000000000000       0.65908100657741409        3.0576282939239016E-002
   1330.0000000000000       0.61450094030138935        3.2948138529881224E-002
   1350.0000000000000       0.70416850812416076        3.7739937965959980E-002
   1370.0000000000000       0.64645829319623138        3.2013550978137462E-002
   1390.0000000000000       0.77521556406260506        4.9534253739318392E-002
   1410.0000000000000       0.68952581737850172        3.7749595507948763E-002
   1430.0000000000000       0.79636485342373464        4.3145071469874882E-002
   1450.0000000000000       0.76601658481015422        4.3016947557281533E-002
   1470.0000000000000       0.90314258706978856        5.0291324312810110E-002
   1490.0000000000000       0.94620555187190958        6.0158767833340267E-002
   1510.0000000000000       0.81507227311867014        4.3002162359802983E-002
   1530.0000000000000       0.90300638193929128        5.0814947537244678E-002
   1550.0000000000000        1.0388206126011645        6.0088058910281579E-002
   1570.0000000000000       0.92641470191850350        5.9383566150913836E-002
   1590.0000000000000       0.94928836072245826        5.3290027650430311E-002
   1610.0000000000000        1.1068565446499898        7.8170892969659012E-002
   1630.0000000000000        1.1170828093232246        8.8084010736259766E-002
   1650.0000000000000        1.1204839187291373        7.6045641249920817E-002
   1670.0000000000000        1.1358714344515135        7.5445208988473622E-002
   1690.0000000000000        1.1396363009320973        8.1653541031777910E-002
   1710.0000000000000        1.2337029482801833        8.4491219525258704E-002
   1730.0000000000000        1.3763269119941284       0.10747788476739309     
   1750.0000000000000        1.3882985362817160        9.9828883556625586E-002
   1770.0000000000000        1.5968378171898978       0.14050871466524001     
   1790.0000000000000        1.5628541469774995       0.11311984212901305     
   1810.0000000000000        1.8479152131410268       0.14692218797262743     
   1830.0000000000000        1.8326313300012489       0.14518773091818524     
   1850.0000000000000        2.3317077122699925       0.18185929701874073     
   1870.0000000000000        2.1816272788910278       0.18124450022695551     
   1890.0000000000000        2.6253869422367080       0.20373936203815593     
   1910.0000000000000        2.6552816112827906       0.21277506065569973     
   1930.0000000000000        2.6960237089386085       0.22440464487603581     
   1950.0000000000000        2.8537277444363665       0.22673318947129734     
   1970.0000000000000        3.6267637418578658       0.32732641419740238     
   1990.0000000000000        5.2373450551511924       0.53827940230545346     

