   10.000000000000000       -2.1043631318646411E-002   1.4798636392367176E-004
   30.000000000000000       -1.6789249955678928E-002   8.7305546792669416E-005
   50.000000000000000       -1.4109823548955741E-002   1.4005402047122850E-004
   70.000000000000000       -1.2707414782567808E-002   1.9473543621525939E-004
   90.000000000000000       -1.5539305916851258E-002   2.5257362952173885E-004
   110.00000000000000       -2.0688002391863237E-002   3.2584263505710940E-004
   130.00000000000000       -2.7960186568419636E-002   4.2865974196477729E-004
   150.00000000000000       -3.4930844865345000E-002   5.4513794178962741E-004
   170.00000000000000       -4.3186476510047964E-002   6.6602647227361790E-004
   190.00000000000000       -5.2737221710073071E-002   8.2842521587674230E-004
   210.00000000000000       -5.8191661077696570E-002   9.7685726461367020E-004
   230.00000000000000       -6.8559976567382414E-002   1.1730145768572939E-003
   250.00000000000000       -7.5126800173212285E-002   1.2879878014797886E-003
   270.00000000000000       -8.5275202837171271E-002   1.5119277715906225E-003
   290.00000000000000       -9.1260533209829214E-002   1.6794465262524685E-003
   310.00000000000000      -0.10514232209897278        2.0187678836409602E-003
   330.00000000000000      -0.10555418256051516        2.1059726163401597E-003
   350.00000000000000      -0.11838435711102591        2.4536521321209524E-003
   370.00000000000000      -0.12413376455067598        2.6064277438252893E-003
   390.00000000000000      -0.13110874107879600        2.7987684407549743E-003
   410.00000000000000      -0.13961591667893247        3.2684426627227151E-003
   430.00000000000000      -0.14771903268049949        3.5909274257110791E-003
   450.00000000000000      -0.15415175803921344        3.7340417321439926E-003
   470.00000000000000      -0.15974630292865805        3.9213180797050690E-003
   490.00000000000000      -0.16697139796619814        4.2013250536455929E-003
   510.00000000000000      -0.16080287949403943        4.1647616132373146E-003
   530.00000000000000      -0.17227825628941210        4.7351646814302890E-003
   550.00000000000000      -0.18146364804492121        5.1007258074760604E-003
   570.00000000000000      -0.19442439403925879        5.3870529414832558E-003
   590.00000000000000      -0.19940364071420794        5.6800412716841251E-003
   610.00000000000000      -0.19565870700683821        5.8303996551022901E-003
   630.00000000000000      -0.20644595213929973        6.2690993263312782E-003
   650.00000000000000      -0.19622011196135739        6.2671002848971374E-003
   670.00000000000000      -0.21835693121524197        7.4790746777439569E-003
   690.00000000000000      -0.22291270032658389        7.6091936876398385E-003
   710.00000000000000      -0.22711411407012427        7.7605382409105224E-003
   730.00000000000000      -0.21936090736734404        7.8744591508884167E-003
   750.00000000000000      -0.23551338586713863        8.3646012496390570E-003
   770.00000000000000      -0.24467441908012441        9.0378203675753801E-003
   790.00000000000000      -0.25310385893399551        8.9941576908550442E-003
   810.00000000000000      -0.23613223733062519        9.5401159931027060E-003
   830.00000000000000      -0.24072006978558194        9.8169497510896056E-003
   850.00000000000000      -0.25481105887561889        1.0341257547126960E-002
   870.00000000000000      -0.25125323524356230        1.0255588551710236E-002
   890.00000000000000      -0.27614281503947952        1.2144857660297404E-002
   910.00000000000000      -0.26515019208848462        1.1396235725044159E-002
   930.00000000000000      -0.28536041856458533        1.2062923399124601E-002
   950.00000000000000      -0.30621208516659532        1.5091361374558051E-002
   970.00000000000000      -0.29962479323368491        1.3683522119332374E-002
   990.00000000000000      -0.25490192493397013        1.2025249087103769E-002
   1010.0000000000000      -0.28988077113637389        1.3820821624759987E-002
   1030.0000000000000      -0.30783906685475942        1.7371788113432287E-002
   1050.0000000000000      -0.30334495972988507        1.5215599167291361E-002
   1070.0000000000000      -0.29626969641552753        1.4509254226664929E-002
   1090.0000000000000      -0.27708831230996395        1.4782599802400785E-002
   1110.0000000000000      -0.29823166252677558        1.6262395258800806E-002
   1130.0000000000000      -0.29503597695522404        1.6705144895066928E-002
   1150.0000000000000      -0.29084279082865733        1.6848966278592895E-002
   1170.0000000000000      -0.26164490173269639        1.6402713128979195E-002
   1190.0000000000000      -0.29674673144639785        1.7627252769962458E-002
   1210.0000000000000      -0.31323969837904142        1.8213956159327870E-002
   1230.0000000000000      -0.32695971359967679        1.9878747731216097E-002
   1250.0000000000000      -0.34512247572028737        2.3501064254904849E-002
   1270.0000000000000      -0.33099922207854648        2.0337877978210021E-002
   1290.0000000000000      -0.32933887432368630        2.0612096364700423E-002
   1310.0000000000000      -0.32502591770082345        2.2571535013370399E-002
   1330.0000000000000      -0.34986647503160334        2.2406056419724270E-002
   1350.0000000000000      -0.33562752104250382        2.5218168235985997E-002
   1370.0000000000000      -0.34214385552909127        2.4038213435864923E-002
   1390.0000000000000      -0.34992203552307644        2.6765689213857718E-002
   1410.0000000000000      -0.33631533797371438        2.5509797368736174E-002
   1430.0000000000000      -0.35953078039492076        2.9878059468450929E-002
   1450.0000000000000      -0.34201091731373628        2.5995529539337266E-002
   1470.0000000000000      -0.34312605698042548        2.8134329687380256E-002
   1490.0000000000000      -0.31526589146013750        2.8774261329122735E-002
   1510.0000000000000      -0.35296846690769268        3.3876017814021019E-002
   1530.0000000000000      -0.35535246810963422        3.6938576707859563E-002
   1550.0000000000000      -0.40246965684549191        3.5604641339101253E-002
   1570.0000000000000      -0.36842730904796800        3.5358027955923188E-002
   1590.0000000000000      -0.30962594832621027        3.4612028841494502E-002
   1610.0000000000000      -0.35441692543928754        3.9081072791598774E-002
   1630.0000000000000      -0.29670047445779385        4.2178344012073543E-002
   1650.0000000000000      -0.32697319044238188        4.1935339037533305E-002
   1670.0000000000000      -0.44104947123645849        4.8723305324053043E-002
   1690.0000000000000      -0.44055228252013123        6.5746395571710164E-002
   1710.0000000000000      -0.34522732057565259        6.2866660197936353E-002
   1730.0000000000000      -0.40814211328041033        6.6347422086691435E-002
   1750.0000000000000      -0.36211656032505457        5.4496890680119529E-002
   1770.0000000000000      -0.34145164884461837        5.7923038995603318E-002
   1790.0000000000000      -0.40829559874576543        6.8449623830483447E-002
   1810.0000000000000      -0.32312351699592867        7.2884815101097788E-002
   1830.0000000000000      -0.38029028547227833        7.7580071694905758E-002
   1850.0000000000000      -0.52975789514651483        9.3845782011492143E-002
   1870.0000000000000      -0.62503571212728559       0.11196424341611452     
   1890.0000000000000      -0.28590422957908312       0.11615880623798469     
   1910.0000000000000      -0.45143019752823099       0.13389261348446072     
   1930.0000000000000      -0.25435454001745356       0.14547867220573987     
   1950.0000000000000      -0.20005663728515397       0.17262916657099350     
   1970.0000000000000      -0.16471340228346124       0.17253281614524671     
   1990.0000000000000      -0.34588329131547946       0.26413185678691309     

