   10.000000000000000       -2.1797808907569053E-002   1.0496400608086191E-004
   30.000000000000000       -1.7682071584480982E-002   6.7464149691103388E-005
   50.000000000000000       -1.4944874565504600E-002   1.0541531366937019E-004
   70.000000000000000       -1.3660738278818167E-002   1.5102738490313725E-004
   90.000000000000000       -1.6173859088251384E-002   1.9630633747209325E-004
   110.00000000000000       -2.0530875149253291E-002   2.4847944906957484E-004
   130.00000000000000       -2.7493039525600706E-002   3.3402439058782070E-004
   150.00000000000000       -3.5159843821976004E-002   4.3768792035130225E-004
   170.00000000000000       -4.3041156501238416E-002   5.6100811014668669E-004
   190.00000000000000       -5.2140846133801044E-002   7.0657748010087584E-004
   210.00000000000000       -6.0971855623586813E-002   8.7682221184728719E-004
   230.00000000000000       -6.7253344043116225E-002   1.0371899057360324E-003
   250.00000000000000       -7.5449583570444817E-002   1.2093807155674691E-003
   270.00000000000000       -8.5422931562640025E-002   1.4387025499108281E-003
   290.00000000000000       -8.9991665890322134E-002   1.5465280761033592E-003
   310.00000000000000      -0.10093917614103103        1.8214368279710863E-003
   330.00000000000000      -0.11020163814227105        2.0232621880162953E-003
   350.00000000000000      -0.12000774267205208        2.3388770536009614E-003
   370.00000000000000      -0.12076094842007123        2.4263097042500452E-003
   390.00000000000000      -0.12876726586727374        2.6900492075486492E-003
   410.00000000000000      -0.13806693867004557        2.9895770660743753E-003
   430.00000000000000      -0.14436237913100908        3.1789127217817120E-003
   450.00000000000000      -0.15713295247910633        3.5590118007917853E-003
   470.00000000000000      -0.16261053912187601        3.7663212827854071E-003
   490.00000000000000      -0.16605318057551818        4.0160532187629517E-003
   510.00000000000000      -0.17007596836559871        4.2428185670196810E-003
   530.00000000000000      -0.17394119744522987        4.4329595557838913E-003
   550.00000000000000      -0.18495473601375176        4.8793591519457075E-003
   570.00000000000000      -0.18975681093739363        5.1156303388154058E-003
   590.00000000000000      -0.18480516706118394        5.1471192760862514E-003
   610.00000000000000      -0.20274069461099403        5.6345084093297193E-003
   630.00000000000000      -0.21350418228899115        6.0129628221706633E-003
   650.00000000000000      -0.20355549878942897        6.0839156305133790E-003
   670.00000000000000      -0.20088303831275967        6.0670587852964079E-003
   690.00000000000000      -0.21793631130933863        6.8888941232123930E-003
   710.00000000000000      -0.22559716625795065        6.9459165392005496E-003
   730.00000000000000      -0.22109234715762646        7.1085595325370895E-003
   750.00000000000000      -0.22170068433989182        7.3984667617148347E-003
   770.00000000000000      -0.23926785355544281        8.2451873897875505E-003
   790.00000000000000      -0.25551815307633263        8.5064546364045507E-003
   810.00000000000000      -0.24732829161619799        8.6329371076108823E-003
   830.00000000000000      -0.26479531757285490        9.4544057610672031E-003
   850.00000000000000      -0.28447402186130571        1.0511806332589083E-002
   870.00000000000000      -0.25064142696127734        9.5707644641756760E-003
   890.00000000000000      -0.26830101908521903        1.0044242633359964E-002
   910.00000000000000      -0.27940841961466872        1.0687297376297934E-002
   930.00000000000000      -0.26441134405632416        1.0373136171269835E-002
   950.00000000000000      -0.25689170246720155        1.0384943055957515E-002
   970.00000000000000      -0.28622780457543606        1.1582009147879496E-002
   990.00000000000000      -0.29411379369095231        1.1846005678236338E-002
   1010.0000000000000      -0.28989383858940643        1.1865110491712320E-002
   1030.0000000000000      -0.28026720469002592        1.2252362034962648E-002
   1050.0000000000000      -0.31174810580471496        1.2835486719949748E-002
   1070.0000000000000      -0.30655603467696374        1.3256012343785753E-002
   1090.0000000000000      -0.30418782904814257        1.3468007909907641E-002
   1110.0000000000000      -0.30954110281904895        1.4818469080488608E-002
   1130.0000000000000      -0.31630380166209576        1.4421440968340261E-002
   1150.0000000000000      -0.31234639433535388        1.4332375105667134E-002
   1170.0000000000000      -0.30452680489473188        1.4370456572425987E-002
   1190.0000000000000      -0.29957678757694778        1.4604942957916542E-002
   1210.0000000000000      -0.32924128673697201        1.6005997145674862E-002
   1230.0000000000000      -0.32345725583414120        1.5382040695601423E-002
   1250.0000000000000      -0.31930974369767234        1.5371029001476501E-002
   1270.0000000000000      -0.35881426793233806        1.7477954127370104E-002
   1290.0000000000000      -0.33350128619571429        1.6886492261794374E-002
   1310.0000000000000      -0.33075363345331044        1.7600925943248757E-002
   1330.0000000000000      -0.35199067057076466        1.8405029547484599E-002
   1350.0000000000000      -0.33966194581259068        1.7235523370290284E-002
   1370.0000000000000      -0.34637482701478711        1.7963056271146804E-002
   1390.0000000000000      -0.35475267365856156        1.8352415680589221E-002
   1410.0000000000000      -0.36647319717947807        2.0925934556835567E-002
   1430.0000000000000      -0.36893307574545536        1.9912382121266645E-002
   1450.0000000000000      -0.35205300952211427        1.8672177914678938E-002
   1470.0000000000000      -0.35433385985513627        1.8959187541701811E-002
   1490.0000000000000      -0.40888114343676157        2.2255270101049156E-002
   1510.0000000000000      -0.39746181129095565        2.0552994822548399E-002
   1530.0000000000000      -0.42613969089028275        2.2088618994224415E-002
   1550.0000000000000      -0.38636843073169702        2.1246223825714953E-002
   1570.0000000000000      -0.41420115229190518        2.3712392750562441E-002
   1590.0000000000000      -0.38203522084981878        2.2427460002823182E-002
   1610.0000000000000      -0.38065023563848183        2.1177945351714553E-002
   1630.0000000000000      -0.46161860034258761        2.4913482088528286E-002
   1650.0000000000000      -0.43993055935253611        2.6169007128867647E-002
   1670.0000000000000      -0.39628836866556949        2.4178082383426683E-002
   1690.0000000000000      -0.40073516084644412        2.5853069267238751E-002
   1710.0000000000000      -0.38007235017511881        2.3062370353601164E-002
   1730.0000000000000      -0.41375786885907329        2.6534993618635875E-002
   1750.0000000000000      -0.45574441291051759        2.5725522068956185E-002
   1770.0000000000000      -0.41244792793588614        2.4467109942719483E-002
   1790.0000000000000      -0.42410138005027104        2.5288519063286288E-002
   1810.0000000000000      -0.35918907482720980        2.3590678700775653E-002
   1830.0000000000000      -0.41845341068202963        2.5504596748150716E-002
   1850.0000000000000      -0.40657942950202863        2.4820354064813650E-002
   1870.0000000000000      -0.42408726961491572        3.0048467099817983E-002
   1890.0000000000000      -0.41813885804601952        2.7544050599712745E-002
   1910.0000000000000      -0.42744582648038820        2.8308984082593854E-002
   1930.0000000000000      -0.42169454767860248        2.7981701467997343E-002
   1950.0000000000000      -0.51305158441701404        3.6357944178670130E-002
   1970.0000000000000      -0.37535248408287986        2.6837631042602592E-002
   1990.0000000000000      -0.43818843638365318        2.8341382376045807E-002

