   10.000000000000000        0.0000000000000000        0.0000000000000000     
   30.000000000000000        0.0000000000000000        0.0000000000000000     
   50.000000000000000        0.0000000000000000        0.0000000000000000     
   70.000000000000000        0.0000000000000000        0.0000000000000000     
   90.000000000000000        0.0000000000000000        0.0000000000000000     
   110.00000000000000       -2.2410011919955990E-002   8.2271342185793290E-005
   130.00000000000000       -3.5629826511282658E-002   1.3422541152834089E-004
   150.00000000000000       -4.8918402448027969E-002   1.6568234361848949E-004
   170.00000000000000       -6.2345374448967587E-002   2.2597193757006292E-004
   190.00000000000000       -7.5969261146211400E-002   2.7639436699386462E-004
   210.00000000000000       -8.9372877058857755E-002   3.4151364897872373E-004
   230.00000000000000      -0.10292367274364016        4.1140719611659543E-004
   250.00000000000000      -0.11458801776940827        4.7781811762735699E-004
   270.00000000000000      -0.12676101680516338        5.5353364972998177E-004
   290.00000000000000      -0.13838131379754029        6.3015610143036399E-004
   310.00000000000000      -0.15015553871894441        7.1272353169562640E-004
   330.00000000000000      -0.15987379432055099        7.9880829820978361E-004
   350.00000000000000      -0.17237840885254513        8.9652723953417303E-004
   370.00000000000000      -0.18085499501994576        9.7010499664705401E-004
   390.00000000000000      -0.19183771842397276        1.0652095037524520E-003
   410.00000000000000      -0.20370095459509405        1.1674282157137829E-003
   430.00000000000000      -0.20983360813046076        1.2546768764462373E-003
   450.00000000000000      -0.22026929333946721        1.3595739541214849E-003
   470.00000000000000      -0.23148122197761206        1.4703635631979366E-003
   490.00000000000000      -0.23785421247525373        1.5709715554977296E-003
   510.00000000000000      -0.24497656608977741        1.6737286373358028E-003
   530.00000000000000      -0.25771526190330707        1.8090605543634958E-003
   550.00000000000000      -0.26613165774557013        1.9395885256680621E-003
   570.00000000000000      -0.27409908997574189        2.0626797950930816E-003
   590.00000000000000      -0.27944135616295246        2.1477628547631761E-003
   610.00000000000000      -0.28673041152708395        2.2674183307228569E-003
   630.00000000000000      -0.29943637053820460        2.4150118408185419E-003
   650.00000000000000      -0.30506564910839407        2.5404715622254844E-003
   670.00000000000000      -0.31051445280825518        2.6538887035239401E-003
   690.00000000000000      -0.32352158097653089        2.8281248559977510E-003
   710.00000000000000      -0.32396189278906068        2.9341188969630198E-003
   730.00000000000000      -0.33178527106484373        3.0808578442570941E-003
   750.00000000000000      -0.34249839847632380        3.2338934131517587E-003
   770.00000000000000      -0.34509149225048036        3.3594670985611619E-003
   790.00000000000000      -0.35431895397007346        3.5215306547627147E-003
   810.00000000000000      -0.36024412538344597        3.6446172257349517E-003
   830.00000000000000      -0.36778204650931523        3.8258490133756561E-003
   850.00000000000000      -0.37585896276322972        3.9899913529564297E-003
   870.00000000000000      -0.37319340499151088        4.1345313526394770E-003
   890.00000000000000      -0.38708808222326546        4.3926602778952099E-003
   910.00000000000000      -0.38743395419329441        4.4134051065062374E-003
   930.00000000000000      -0.38890665877431929        4.5364616018771066E-003
   950.00000000000000      -0.39641561493201560        4.7593564538512103E-003
   970.00000000000000      -0.41800412879782578        5.0480385259312199E-003
   990.00000000000000      -0.41305443512397544        5.0976422093965993E-003
   1010.0000000000000      -0.42435863313900463        5.3338049549680579E-003
   1030.0000000000000      -0.42624106929611305        5.4561560790328967E-003
   1050.0000000000000      -0.42250011870492915        5.5492686076453650E-003
   1070.0000000000000      -0.44659672149357965        5.8761967721704562E-003
   1090.0000000000000      -0.44331364443650567        6.0248069844818005E-003
   1110.0000000000000      -0.44299351593204978        6.1366017497726452E-003
   1130.0000000000000      -0.46045582753165770        6.4180684285448661E-003
   1150.0000000000000      -0.46189077656930516        6.5736269356128762E-003
   1170.0000000000000      -0.46654598210552323        6.8274222223171687E-003
   1190.0000000000000      -0.46438393657752403        6.8917628734586006E-003
   1210.0000000000000      -0.46926359973098192        7.1435326348454967E-003
   1230.0000000000000      -0.46571411409712221        7.3173044548417087E-003
   1250.0000000000000      -0.47642010326752582        7.5424480702343403E-003
   1270.0000000000000      -0.48874101150883198        7.8580359987213758E-003
   1290.0000000000000      -0.49390736950591108        8.0367914889699580E-003
   1310.0000000000000      -0.50931994968775551        8.3792944801118936E-003
   1330.0000000000000      -0.50508159117796936        8.4268739231115972E-003
   1350.0000000000000      -0.50943222415154144        8.6894593061889562E-003
   1370.0000000000000      -0.52336155368370163        9.1369639848740761E-003
   1390.0000000000000      -0.52060552463138710        9.2503865003419842E-003
   1410.0000000000000      -0.52919763506494699        9.5391161775098213E-003
   1430.0000000000000      -0.53689748366632206        9.8410985248286679E-003
   1450.0000000000000      -0.51161033169673686        9.7189043982054777E-003
   1470.0000000000000      -0.53321320172883313        1.0240478298946308E-002
   1490.0000000000000      -0.52908644284720507        1.0446080156522075E-002
   1510.0000000000000      -0.54458790734405405        1.0672364110190964E-002
   1530.0000000000000      -0.56072116346739198        1.1187930482225480E-002
   1550.0000000000000      -0.57069154184989934        1.1496056246553032E-002
   1570.0000000000000      -0.54937549407488939        1.1545113741489841E-002
   1590.0000000000000      -0.56283966650976336        1.1982708499666969E-002
   1610.0000000000000      -0.55978023907213226        1.2095641737356047E-002
   1630.0000000000000      -0.55863508317385524        1.2155697804036030E-002
   1650.0000000000000      -0.57138564206847375        1.2775545845242884E-002
   1670.0000000000000      -0.57988843271442803        1.3140760904536548E-002
   1690.0000000000000      -0.60404141329262295        1.3825123786968461E-002
   1710.0000000000000      -0.59816284746964243        1.3980882663260011E-002
   1730.0000000000000      -0.60252901397590708        1.4420804205372570E-002
   1750.0000000000000      -0.59809212053932148        1.4705184525916504E-002
   1770.0000000000000      -0.59454372350463747        1.5044250356161793E-002
   1790.0000000000000      -0.61869683140196563        1.5661340519483934E-002
   1810.0000000000000      -0.60381783701169167        1.5630465750075137E-002
   1830.0000000000000      -0.61877420068725419        1.6379675049893072E-002
   1850.0000000000000      -0.66420996403701604        1.7518489428014459E-002
   1870.0000000000000      -0.61128031440679997        1.7386915903158114E-002
   1890.0000000000000      -0.63234695303783039        1.7552344207349482E-002
   1910.0000000000000      -0.61941811912191824        1.8304578186536118E-002
   1930.0000000000000      -0.65082579435027454        1.9170156140537548E-002
   1950.0000000000000      -0.67985274248692085        2.0264338891784018E-002
   1970.0000000000000      -0.67252018697859584        2.0837023082688946E-002
   1990.0000000000000      -0.65649517359651122        2.1364727995040904E-002

