   10.000000000000000        6.2919035342917052E-003   1.5558575584707086E-005
   30.000000000000000        1.4357174015388420E-002   2.0983830057059960E-005
   50.000000000000000        3.3898082471050479E-002   5.5821132334102043E-005
   70.000000000000000        5.0588757176860358E-002   9.1426753635616751E-005
   90.000000000000000        6.2317103114045438E-002   1.2370168156358575E-004
   110.00000000000000        7.1232071029863633E-002   1.5483015214003154E-004
   130.00000000000000        7.8557737224560734E-002   1.8639045113183047E-004
   150.00000000000000        8.4494653149168417E-002   2.1782219254369863E-004
   170.00000000000000        9.1733710196675700E-002   2.5398895794807717E-004
   190.00000000000000        9.7083019021062159E-002   2.8705926667196618E-004
   210.00000000000000       0.10308532710576708        3.2702185281245855E-004
   230.00000000000000       0.10966418210286627        3.7170840451156243E-004
   250.00000000000000       0.11514361063801158        4.1196893825670808E-004
   270.00000000000000       0.12117092472267886        4.5983617611874012E-004
   290.00000000000000       0.12769404123853431        7.9449249564034479E-004
   310.00000000000000       0.13261856288190821        5.5904616344453959E-004
   330.00000000000000       0.13702031423678493        6.0428276482343748E-004
   350.00000000000000       0.14299223444548403        6.5806741664805701E-004
   370.00000000000000       0.14845220044958579        7.1869726050793360E-004
   390.00000000000000       0.15338521346066286        7.6973846489596369E-004
   410.00000000000000       0.15690271357149316        8.1363939468761929E-004
   430.00000000000000       0.16338706088196270        8.8714770636448928E-004
   450.00000000000000       0.16778905300137298        9.3983097789050003E-004
   470.00000000000000       0.17231265878004212        1.0038103904278230E-003
   490.00000000000000       0.17798507468436955        1.1060948964503319E-003
   510.00000000000000       0.18365485533741616        1.1482285655656785E-003
   530.00000000000000       0.18862984623689977        1.2277506706587650E-003
   550.00000000000000       0.19248840075002829        1.2785348217669076E-003
   570.00000000000000       0.19690301794745577        1.3611236929127110E-003
   590.00000000000000       0.20091182744195085        1.4472474021398800E-003
   610.00000000000000       0.20468093744314270        1.4861760082132240E-003
   630.00000000000000       0.21468732823309664        1.6292856098821078E-003
   650.00000000000000       0.21608520341295806        1.7012507526162836E-003
   670.00000000000000       0.22272942256970099        1.8246031620573855E-003
   690.00000000000000       0.22497492307581787        1.8936632774748841E-003
   710.00000000000000       0.23072448611053284        1.9495211202291308E-003
   730.00000000000000       0.23341428678094572        1.9960207616447991E-003
   750.00000000000000       0.23912232387936255        2.1377919278589386E-003
   770.00000000000000       0.24326528097653202        2.2779461181414678E-003
   790.00000000000000       0.25079531882562084        2.4153067939280031E-003
   810.00000000000000       0.25522667303297031        2.4447009918527941E-003
   830.00000000000000       0.26242941222960475        2.5789677808714128E-003
   850.00000000000000       0.26541155814612544        2.6807885928252940E-003
   870.00000000000000       0.27731302613267544        2.9361196872402001E-003
   890.00000000000000       0.27836772869823556        2.9355582003534413E-003
   910.00000000000000       0.28107763493924837        3.1851610582767642E-003
   930.00000000000000       0.28692199155914994        3.0699947160692949E-003
   950.00000000000000       0.29147983031493413        3.3645362791926521E-003
   970.00000000000000       0.30681201975111327        3.7018283812044203E-003
   990.00000000000000       0.31061310418850235        3.7278068675824969E-003
   1010.0000000000000       0.31870123628489050        3.8627659683592151E-003
   1030.0000000000000       0.31640003882120982        3.9160606193459745E-003
   1050.0000000000000       0.31764968511553382        3.9202976989086572E-003
   1070.0000000000000       0.32492038628091668        4.1738687109948930E-003
   1090.0000000000000       0.33097982925976965        4.4098137323906267E-003
   1110.0000000000000       0.34120765816027571        4.4948316654378172E-003
   1130.0000000000000       0.34922640373392250        4.8755507512790062E-003
   1150.0000000000000       0.35675295671045615        5.1079048164775513E-003
   1170.0000000000000       0.36366850463948874        5.2623780730854403E-003
   1190.0000000000000       0.36832610636329405        5.3622687217030540E-003
   1210.0000000000000       0.37282251424113966        5.4259907356566063E-003
   1230.0000000000000       0.37708051828579714        6.0210553974515734E-003
   1250.0000000000000       0.37721737611820139        5.9915601099519503E-003
   1270.0000000000000       0.39883828286694101        6.2604691041660701E-003
   1290.0000000000000       0.38152743899068009        6.0700851439214774E-003
   1310.0000000000000       0.41258325388456718        6.8471133312480968E-003
   1330.0000000000000       0.40953180360722524        6.5130264389286858E-003
   1350.0000000000000       0.42171388068194382        6.9448473003925568E-003
   1370.0000000000000       0.43392349515777012        7.3391590650969969E-003
   1390.0000000000000       0.43597294657839442        7.7262461533889768E-003
   1410.0000000000000       0.45014690438492383        8.1613981180814320E-003
   1430.0000000000000       0.44349420258011751        7.9459385817497123E-003
   1450.0000000000000       0.44302083819950200        8.1525585306313954E-003
   1470.0000000000000       0.45327136266292667        8.3205325300065632E-003
   1490.0000000000000       0.45334357519111002        8.4199486993147884E-003
   1510.0000000000000       0.46177393128354532        9.1392447991233468E-003
   1530.0000000000000       0.47991875860196215        9.8277007904625912E-003
   1550.0000000000000       0.48398735401756465        9.5907112067235359E-003
   1570.0000000000000       0.49717332971287337        1.0290680734790622E-002
   1590.0000000000000       0.49114446294088543        1.0066063915577886E-002
   1610.0000000000000       0.50788505820556651        1.0798266307781633E-002
   1630.0000000000000       0.49855407075702002        1.0804827519351422E-002
   1650.0000000000000       0.52044579168888139        1.1741703291466026E-002
   1670.0000000000000       0.52257616742942281        1.1237647700827689E-002
   1690.0000000000000       0.53283018720958064        1.2818510722032517E-002
   1710.0000000000000       0.53140269359218484        1.2160476396495933E-002
   1730.0000000000000       0.53425257206300703        1.1996144262325786E-002
   1750.0000000000000       0.55586347048819174        1.3731211821493188E-002
   1770.0000000000000       0.54161795846147431        1.3256312581481838E-002
   1790.0000000000000       0.55369002823974034        1.3158668815737119E-002
   1810.0000000000000       0.54640005239136780        1.3411868233564075E-002
   1830.0000000000000       0.54523617372942002        1.3694847581511477E-002
   1850.0000000000000       0.52378594415603630        1.3711390799620547E-002
   1870.0000000000000       0.57283149149728363        1.5113123761848955E-002
   1890.0000000000000       0.53305084339134035        1.2929382376779697E-002
   1910.0000000000000       0.56098618559951530        1.4638262185134568E-002
   1930.0000000000000       0.58505517732533252        1.6091515656858124E-002
   1950.0000000000000       0.55192670852151471        1.5227245949225773E-002
   1970.0000000000000       0.56216495606429673        1.5994841485840978E-002
   1990.0000000000000       0.57351638608411182        1.6931816818490656E-002

