0000 1814142.0.root 1 1 1 1 1 1
0000 1814143.100.root 1 1 1 1 1 1
0000 1814143.101.root 1 1 1 1 1 1
0000 1814143.102.root 1 1 1 1 1 1
0000 1814143.103.root 1 1 1 1 1 1
0000 1814143.104.root 1 1 1 1 1 1
0000 1814143.105.root 1 1 1 1 1 1
0000 1814143.106.root 1 1 1 1 1 1
0000 1814143.107.root 1 1 1 1 1 1
0000 1814143.108.root 1 1 1 1 1 1
0000 1814143.109.root 1 1 1 1 1 1
0000 1814143.110.root 1 1 1 1 1 1
0000 1814143.112.root 1 1 1 1 1 1
0000 1814143.113.root 1 1 1 1 1 1
0000 1814143.114.root 1 1 1 1 1 1
0000 1814143.115.root 1 1 1 1 1 1
0000 1814143.116.root 1 1 1 1 1 1
0000 1814143.117.root 1 1 1 1 1 1
0001 1814143.118.root 1 1 1 1 1 1
0001 1814143.119.root 1 1 1 1 1 1
0001 1814143.120.root 1 1 1 1 1 1
0001 1814143.121.root 1 1 1 1 1 1
0001 1814143.122.root 1 1 1 1 1 1
0001 1814143.123.root 1 1 1 1 1 1
0001 1814143.124.root 1 1 1 1 1 1
0001 1814143.125.root 1 1 1 1 1 1
0001 1814143.126.root 1 1 1 1 1 1
0001 1814143.127.root 1 1 1 1 1 1
0001 1814143.129.root 1 1 1 1 1 1
0001 1814143.130.root 1 1 1 1 1 1
0001 1814143.131.root 1 1 1 1 1 1
0001 1814143.132.root 1 1 1 1 1 1
0001 1814143.133.root 1 1 1 1 1 1
0001 1814143.134.root 1 1 1 1 1 1
0001 1814143.135.root 1 1 1 1 1 1
0001 1814143.136.root 1 1 1 1 1 1
0001 1814143.138.root 1 1 1 1 1 1
0001 1814143.139.root 1 1 1 1 1 1
0002 1814143.14.root 1 1 1 1 1 1
0002 1814143.140.root 1 1 1 1 1 1
0002 1814143.141.root 1 1 1 1 1 1
0002 1814143.142.root 1 1 1 1 1 1
0002 1814143.143.root 1 1 1 1 1 1
0002 1814143.144.root 1 1 1 1 1 1
0002 1814143.145.root 1 1 1 1 1 1
0002 1814143.146.root 1 1 1 1 1 1
0002 1814143.147.root 1 1 1 1 1 1
0002 1814143.148.root 1 1 1 1 1 1
0002 1814143.149.root 1 1 1 1 1 1
0002 1814143.15.root 1 1 1 1 1 1
0002 1814143.150.root 1 1 1 1 1 1
0002 1814143.151.root 1 1 1 1 1 1
0002 1814143.152.root 1 1 1 1 1 1
0002 1814143.153.root 1 1 1 1 1 1
0002 1814143.154.root 1 1 1 1 1 1
0002 1814143.155.root 1 1 1 1 1 1
0002 1814143.156.root 1 1 1 1 1 1
0002 1814143.157.root 1 1 1 1 1 1
0003 1814143.158.root 1 1 1 1 1 1
0003 1814143.159.root 1 1 1 1 1 1
0003 1814143.16.root 1 1 1 1 1 1
0003 1814143.160.root 1 1 1 1 1 1
0003 1814143.161.root 1 1 1 1 1 1
0003 1814143.162.root 1 1 1 1 1 1
0003 1814143.164.root 1 1 1 1 1 1
0003 1814143.165.root 1 1 1 1 1 1
0003 1814143.166.root 1 1 1 1 1 1
0003 1814143.167.root 1 1 1 1 1 1
0003 1814143.17.root 1 1 1 1 1 1
0003 1814143.172.root 1 1 1 1 1 1
0003 1814143.174.root 1 1 1 1 1 1
0003 1814143.175.root 1 1 1 1 1 1
0003 1814143.176.root 1 1 1 1 1 1
0003 1814143.177.root 1 1 1 1 1 1
0003 1814143.178.root 1 1 1 1 1 1
0003 1814143.179.root 1 1 1 1 1 1
0003 1814143.18.root 1 1 1 1 1 1
0003 1814143.181.root 1 1 1 1 1 1
0004 1814143.182.root 1 1 1 1 1 1
0004 1814143.183.root 1 1 1 1 1 1
0004 1814143.184.root 1 1 1 1 1 1
0004 1814143.185.root 1 1 1 1 1 1
0004 1814143.186.root 1 1 1 1 1 1
0004 1814143.188.root 1 1 1 1 1 1
0004 1814143.189.root 1 1 1 1 1 1
0004 1814143.19.root 1 1 1 1 1 1
0004 1814143.190.root 1 1 1 1 1 1
0004 1814143.191.root 1 1 1 1 1 1
0004 1814143.192.root 1 1 1 1 1 1
0004 1814143.20.root 1 1 1 1 1 1
0004 1814143.206.root 1 1 1 1 1 1
0004 1814143.208.root 1 1 1 1 1 1
0004 1814143.209.root 1 1 1 1 1 1
0004 1814143.21.root 1 1 1 1 1 1
0004 1814143.210.root 1 1 1 1 1 1
0004 1814143.211.root 1 1 1 1 1 1
0004 1814143.213.root 1 1 1 1 1 1
0004 1814143.214.root 1 1 1 1 1 1
0005 1814143.215.root 1 1 1 1 1 1
0005 1814143.216.root 1 1 1 1 1 1
0005 1814143.217.root 1 1 1 1 1 1
0005 1814143.218.root 1 1 1 1 1 1
0005 1814143.219.root 1 1 1 1 1 1
0005 1814143.22.root 1 1 1 1 1 1
0005 1814143.220.root 1 1 1 1 1 1
0005 1814143.221.root 1 1 1 1 1 1
0005 1814143.222.root 1 1 1 1 1 1
0005 1814143.223.root 1 1 1 1 1 1
0005 1814143.224.root 1 1 1 1 1 1
0005 1814143.225.root 1 1 1 1 1 1
0005 1814143.227.root 1 1 1 1 1 1
0005 1814143.228.root 1 1 1 1 1 1
0005 1814143.229.root 1 1 1 1 1 1
0005 1814143.23.root 1 1 1 1 1 1
0005 1814143.230.root 1 1 1 1 1 1
0005 1814143.231.root 1 1 1 1 1 1
0005 1814143.232.root 1 1 1 1 1 1
0005 1814143.233.root 1 1 1 1 1 1
0006 1814143.234.root 1 1 1 1 1 1
0006 1814143.235.root 1 1 1 1 1 1
0006 1814143.236.root 1 1 1 1 1 1
0006 1814143.237.root 1 1 1 1 1 1
0006 1814143.238.root 1 1 1 1 1 1
0006 1814143.239.root 1 1 1 1 1 1
0006 1814143.24.root 1 1 1 1 1 1
0006 1814143.240.root 1 1 1 1 1 1
0006 1814143.241.root 1 1 1 1 1 1
0006 1814143.242.root 1 1 1 1 1 1
0006 1814143.243.root 1 1 1 1 1 1
0006 1814143.244.root 1 1 1 1 1 1
0006 1814143.245.root 1 1 1 1 1 1
0006 1814143.246.root 1 1 1 1 1 1
0006 1814143.247.root 1 1 1 1 1 1
0006 1814143.248.root 1 1 1 1 1 1
0006 1814143.249.root 1 1 1 1 1 1
0006 1814143.25.root 1 1 1 1 1 1
0006 1814143.250.root 1 1 1 1 1 1
0006 1814143.251.root 1 1 1 1 1 1
0007 1814143.252.root 1 1 1 1 1 1
0007 1814143.253.root 1 1 1 1 1 1
0007 1814143.254.root 1 1 1 1 1 1
0007 1814143.255.root 1 1 1 1 1 1
0007 1814143.256.root 1 1 1 1 1 1
0007 1814143.257.root 1 1 1 1 1 1
0007 1814143.258.root 1 1 1 1 1 1
0007 1814143.259.root 1 1 1 1 1 1
0007 1814143.261.root 1 1 1 1 1 1
0007 1814143.262.root 1 1 1 1 1 1
0007 1814143.264.root 1 1 1 1 1 1
0007 1814143.265.root 1 1 1 1 1 1
0007 1814143.266.root 1 1 1 1 1 1
0007 1814143.269.root 1 1 1 1 1 1
0007 1814143.27.root 1 1 1 1 1 1
0007 1814143.270.root 1 1 1 1 1 1
0007 1814143.271.root 1 1 1 1 1 1
0007 1814143.272.root 1 1 1 1 1 1
0007 1814143.273.root 1 1 1 1 1 1
0007 1814143.274.root 1 1 1 1 1 1
0008 1814143.275.root 1 1 1 1 1 1
0008 1814143.276.root 1 1 1 1 1 1
0008 1814143.277.root 1 1 1 1 1 1
0008 1814143.278.root 1 1 1 1 1 1
0008 1814143.279.root 1 1 1 1 1 1
0008 1814143.28.root 1 1 1 1 1 1
0008 1814143.280.root 1 1 1 1 1 1
0008 1814143.281.root 1 1 1 1 1 1
0008 1814143.282.root 1 1 1 1 1 1
0008 1814143.283.root 1 1 1 1 1 1
0008 1814143.284.root 1 1 1 1 1 1
0008 1814143.285.root 1 1 1 1 1 1
0008 1814143.286.root 1 1 1 1 1 1
0008 1814143.287.root 1 1 1 1 1 1
0008 1814143.288.root 1 1 1 1 1 1
0008 1814143.289.root 1 1 1 1 1 1
0008 1814143.29.root 1 1 1 1 1 1
0008 1814143.290.root 1 1 1 1 1 1
0008 1814143.291.root 1 1 1 1 1 1
0008 1814143.292.root 1 1 1 1 1 1
0009 1814143.293.root 1 1 1 1 1 1
0009 1814143.294.root 1 1 1 1 1 1
0009 1814143.295.root 1 1 1 1 1 1
0009 1814143.296.root 1 1 1 1 1 1
0009 1814143.297.root 1 1 1 1 1 1
0009 1814143.298.root 1 1 1 1 1 1
0009 1814143.299.root 1 1 1 1 1 1
0009 1814143.30.root 1 1 1 1 1 1
0009 1814143.300.root 1 1 1 1 1 1
0009 1814143.301.root 1 1 1 1 1 1
0009 1814143.302.root 1 1 1 1 1 1
0009 1814143.303.root 1 1 1 1 1 1
0009 1814143.304.root 1 1 1 1 1 1
0009 1814143.305.root 1 1 1 1 1 1
0009 1814143.306.root 1 1 1 1 1 1
0009 1814143.307.root 1 1 1 1 1 1
0009 1814143.309.root 1 1 1 1 1 1
0009 1814143.31.root 1 1 1 1 1 1
0009 1814143.310.root 1 1 1 1 1 1
0009 1814143.311.root 1 1 1 1 1 1
0010 1814143.312.root 1 1 1 1 1 1
0010 1814143.313.root 1 1 1 1 1 1
0010 1814143.314.root 1 1 1 1 1 1
0010 1814143.315.root 1 1 1 1 1 1
0010 1814143.316.root 1 1 1 1 1 1
0010 1814143.317.root 1 1 1 1 1 1
0010 1814143.318.root 1 1 1 1 1 1
0010 1814143.319.root 1 1 1 1 1 1
0010 1814143.32.root 1 1 1 1 1 1
0010 1814143.320.root 1 1 1 1 1 1
0010 1814143.321.root 1 1 1 1 1 1
0010 1814143.322.root 1 1 1 1 1 1
0010 1814143.323.root 1 1 1 1 1 1
0010 1814143.324.root 1 1 1 1 1 1
0010 1814143.325.root 1 1 1 1 1 1
0010 1814143.326.root 1 1 1 1 1 1
0010 1814143.327.root 1 1 1 1 1 1
0010 1814143.328.root 1 1 1 1 1 1
0010 1814143.33.root 1 1 1 1 1 1
0010 1814143.334.root 1 1 1 1 1 1
0011 1814143.335.root 1 1 1 1 1 1
0011 1814143.336.root 1 1 1 1 1 1
0011 1814143.337.root 1 1 1 1 1 1
0011 1814143.338.root 1 1 1 1 1 1
0011 1814143.340.root 1 1 1 1 1 1
0011 1814143.341.root 1 1 1 1 1 1
0011 1814143.342.root 1 1 1 1 1 1
0011 1814143.343.root 1 1 1 1 1 1
0011 1814143.344.root 1 1 1 1 1 1
0011 1814143.345.root 1 1 1 1 1 1
0011 1814143.346.root 1 1 1 1 1 1
0011 1814143.347.root 1 1 1 1 1 1
0011 1814143.348.root 1 1 1 1 1 1
0011 1814143.349.root 1 1 1 1 1 1
0011 1814143.35.root 1 1 1 1 1 1
0011 1814143.350.root 1 1 1 1 1 1
0011 1814143.351.root 1 1 1 1 1 1
0011 1814143.354.root 1 1 1 1 1 1
0011 1814143.36.root 1 1 1 1 1 1
0011 1814143.363.root 1 1 1 1 1 1
0012 1814143.365.root 1 1 1 1 1 1
0012 1814143.368.root 1 1 1 1 1 1
0012 1814143.369.root 1 1 1 1 1 1
0012 1814143.37.root 1 1 1 1 1 1
0012 1814143.370.root 1 1 1 1 1 1
0012 1814143.371.root 1 1 1 1 1 1
0012 1814143.374.root 1 1 1 1 1 1
0012 1814143.375.root 1 1 1 1 1 1
0012 1814143.376.root 1 1 1 1 1 1
0012 1814143.377.root 1 1 1 1 1 1
0012 1814143.378.root 1 1 1 1 1 1
0012 1814143.379.root 1 1 1 1 1 1
0012 1814143.38.root 1 1 1 1 1 1
0012 1814143.380.root 1 1 1 1 1 1
0012 1814143.381.root 1 1 1 1 1 1
0012 1814143.383.root 1 1 1 1 1 1
0012 1814143.384.root 1 1 1 1 1 1
0012 1814143.385.root 1 1 1 1 1 1
0012 1814143.386.root 1 1 1 1 1 1
0012 1814143.387.root 1 1 1 1 1 1
0013 1814143.388.root 1 1 1 1 1 1
0013 1814143.389.root 1 1 1 1 1 1
0013 1814143.39.root 1 1 1 1 1 1
0013 1814143.390.root 1 1 1 1 1 1
0013 1814143.391.root 1 1 1 1 1 1
0013 1814143.392.root 1 1 1 1 1 1
0013 1814143.393.root 1 1 1 1 1 1
0013 1814143.394.root 1 1 1 1 1 1
0013 1814143.395.root 1 1 1 1 1 1
0013 1814143.396.root 1 1 1 1 1 1
0013 1814143.397.root 1 1 1 1 1 1
0013 1814143.398.root 1 1 1 1 1 1
0013 1814143.399.root 1 1 1 1 1 1
0013 1814143.400.root 1 1 1 1 1 1
0013 1814143.401.root 1 1 1 1 1 1
0013 1814143.402.root 1 1 1 1 1 1
0013 1814143.403.root 1 1 1 1 1 1
0013 1814143.405.root 1 1 1 1 1 1
0013 1814143.406.root 1 1 1 1 1 1
0013 1814143.407.root 1 1 1 1 1 1
0014 1814143.408.root 1 1 1 1 1 1
0014 1814143.409.root 1 1 1 1 1 1
0014 1814143.41.root 1 1 1 1 1 1
0014 1814143.410.root 1 1 1 1 1 1
0014 1814143.411.root 1 1 1 1 1 1
0014 1814143.412.root 1 1 1 1 1 1
0014 1814143.413.root 1 1 1 1 1 1
0014 1814143.414.root 1 1 1 1 1 1
0014 1814143.415.root 1 1 1 1 1 1
0014 1814143.416.root 1 1 1 1 1 1
0014 1814143.417.root 1 1 1 1 1 1
0014 1814143.418.root 1 1 1 1 1 1
0014 1814143.419.root 1 1 1 1 1 1
0014 1814143.420.root 1 1 1 1 1 1
0014 1814143.423.root 1 1 1 1 1 1
0014 1814143.424.root 1 1 1 1 1 1
0014 1814143.425.root 1 1 1 1 1 1
0014 1814143.426.root 1 1 1 1 1 1
0014 1814143.427.root 1 1 1 1 1 1
0014 1814143.428.root 1 1 1 1 1 1
0015 1814143.429.root 1 1 1 1 1 1
0015 1814143.430.root 1 1 1 1 1 1
0015 1814143.431.root 1 1 1 1 1 1
0015 1814143.432.root 1 1 1 1 1 1
0015 1814143.433.root 1 1 1 1 1 1
0015 1814143.434.root 1 1 1 1 1 1
0015 1814143.435.root 1 1 1 1 1 1
0015 1814143.436.root 1 1 1 1 1 1
0015 1814143.437.root 1 1 1 1 1 1
0015 1814143.438.root 1 1 1 1 1 1
0015 1814143.439.root 1 1 1 1 1 1
0015 1814143.44.root 1 1 1 1 1 1
0015 1814143.441.root 1 1 1 1 1 1
0015 1814143.442.root 1 1 1 1 1 1
0015 1814143.443.root 1 1 1 1 1 1
0015 1814143.444.root 1 1 1 1 1 1
0015 1814143.445.root 1 1 1 1 1 1
0015 1814143.446.root 1 1 1 1 1 1
0015 1814143.448.root 1 1 1 1 1 1
0015 1814143.449.root 1 1 1 1 1 1
0016 1814143.45.root 1 1 1 1 1 1
0016 1814143.450.root 1 1 1 1 1 1
0016 1814143.451.root 1 1 1 1 1 1
0016 1814143.452.root 1 1 1 1 1 1
0016 1814143.453.root 1 1 1 1 1 1
0016 1814143.454.root 1 1 1 1 1 1
0016 1814143.455.root 1 1 1 1 1 1
0016 1814143.456.root 1 1 1 1 1 1
0016 1814143.457.root 1 1 1 1 1 1
0016 1814143.458.root 1 1 1 1 1 1
0016 1814143.459.root 1 1 1 1 1 1
0016 1814143.46.root 1 1 1 1 1 1
0016 1814143.460.root 1 1 1 1 1 1
0016 1814143.461.root 1 1 1 1 1 1
0016 1814143.462.root 1 1 1 1 1 1
0016 1814143.463.root 1 1 1 1 1 1
0016 1814143.465.root 1 1 1 1 1 1
0016 1814143.466.root 1 1 1 1 1 1
0016 1814143.467.root 1 1 1 1 1 1
0016 1814143.468.root 1 1 1 1 1 1
0017 1814143.469.root 1 1 1 1 1 1
0017 1814143.47.root 1 1 1 1 1 1
0017 1814143.470.root 1 1 1 1 1 1
0017 1814143.471.root 1 1 1 1 1 1
0017 1814143.472.root 1 1 1 1 1 1
0017 1814143.473.root 1 1 1 1 1 1
0017 1814143.474.root 1 1 1 1 1 1
0017 1814143.475.root 1 1 1 1 1 1
0017 1814143.476.root 1 1 1 1 1 1
0017 1814143.477.root 1 1 1 1 1 1
0017 1814143.478.root 1 1 1 1 1 1
0017 1814143.479.root 1 1 1 1 1 1
0017 1814143.48.root 1 1 1 1 1 1
0017 1814143.480.root 1 1 1 1 1 1
0017 1814143.481.root 1 1 1 1 1 1
0017 1814143.482.root 1 1 1 1 1 1
0017 1814143.483.root 1 1 1 1 1 1
0017 1814143.485.root 1 1 1 1 1 1
0017 1814143.486.root 1 1 1 1 1 1
0017 1814143.49.root 1 1 1 1 1 1
0018 1814143.492.root 1 1 1 1 1 1
0018 1814143.493.root 1 1 1 1 1 1
0018 1814143.494.root 1 1 1 1 1 1
0018 1814143.495.root 1 1 1 1 1 1
0018 1814143.496.root 1 1 1 1 1 1
0018 1814143.497.root 1 1 1 1 1 1
0018 1814143.498.root 1 1 1 1 1 1
0018 1814143.499.root 1 1 1 1 1 1
0018 1814143.50.root 1 1 1 1 1 1
0018 1814143.500.root 1 1 1 1 1 1
0018 1814143.503.root 1 1 1 1 1 1
0018 1814143.504.root 1 1 1 1 1 1
0018 1814143.505.root 1 1 1 1 1 1
0018 1814143.506.root 1 1 1 1 1 1
0018 1814143.507.root 1 1 1 1 1 1
0018 1814143.508.root 1 1 1 1 1 1
0018 1814143.509.root 1 1 1 1 1 1
0018 1814143.51.root 1 1 1 1 1 1
0018 1814143.512.root 1 1 1 1 1 1
0018 1814143.514.root 1 1 1 1 1 1
0019 1814143.52.root 1 1 1 1 1 1
0019 1814143.522.root 1 1 1 1 1 1
0019 1814143.523.root 1 1 1 1 1 1
0019 1814143.524.root 1 1 1 1 1 1
0019 1814143.525.root 1 1 1 1 1 1
0019 1814143.527.root 1 1 1 1 1 1
0019 1814143.529.root 1 1 1 1 1 1
0019 1814143.53.root 1 1 1 1 1 1
0019 1814143.530.root 1 1 1 1 1 1
0019 1814143.531.root 1 1 1 1 1 1
0019 1814143.532.root 1 1 1 1 1 1
0019 1814143.533.root 1 1 1 1 1 1
0019 1814143.534.root 1 1 1 1 1 1
0019 1814143.535.root 1 1 1 1 1 1
0019 1814143.537.root 1 1 1 1 1 1
0019 1814143.538.root 1 1 1 1 1 1
0019 1814143.539.root 1 1 1 1 1 1
0019 1814143.54.root 1 1 1 1 1 1
0019 1814143.540.root 1 1 1 1 1 1
0019 1814143.541.root 1 1 1 1 1 1
0020 1814143.542.root 1 1 1 1 1 1
0020 1814143.543.root 1 1 1 1 1 1
0020 1814143.545.root 1 1 1 1 1 1
0020 1814143.546.root 1 1 1 1 1 1
0020 1814143.547.root 1 1 1 1 1 1
0020 1814143.548.root 1 1 1 1 1 1
0020 1814143.549.root 1 1 1 1 1 1
0020 1814143.55.root 1 1 1 1 1 1
0020 1814143.550.root 1 1 1 1 1 1
0020 1814143.551.root 1 1 1 1 1 1
0020 1814143.552.root 1 1 1 1 1 1
0020 1814143.553.root 1 1 1 1 1 1
0020 1814143.554.root 1 1 1 1 1 1
0020 1814143.555.root 1 1 1 1 1 1
0020 1814143.556.root 1 1 1 1 1 1
0020 1814143.557.root 1 1 1 1 1 1
0020 1814143.558.root 1 1 1 1 1 1
0020 1814143.559.root 1 1 1 1 1 1
0020 1814143.56.root 1 1 1 1 1 1
0020 1814143.560.root 1 1 1 1 1 1
0021 1814143.561.root 1 1 1 1 1 1
0021 1814143.562.root 1 1 1 1 1 1
0021 1814143.563.root 1 1 1 1 1 1
0021 1814143.564.root 1 1 1 1 1 1
0021 1814143.565.root 1 1 1 1 1 1
0021 1814143.566.root 1 1 1 1 1 1
0021 1814143.567.root 1 1 1 1 1 1
0021 1814143.568.root 1 1 1 1 1 1
0021 1814143.569.root 1 1 1 1 1 1
0021 1814143.57.root 1 1 1 1 1 1
0021 1814143.570.root 1 1 1 1 1 1
0021 1814143.571.root 1 1 1 1 1 1
0021 1814143.572.root 1 1 1 1 1 1
0021 1814143.573.root 1 1 1 1 1 1
0021 1814143.574.root 1 1 1 1 1 1
0021 1814143.575.root 1 1 1 1 1 1
0021 1814143.576.root 1 1 1 1 1 1
0021 1814143.577.root 1 1 1 1 1 1
0021 1814143.578.root 1 1 1 1 1 1
0021 1814143.579.root 1 1 1 1 1 1
0022 1814143.58.root 1 1 1 1 1 1
0022 1814143.580.root 1 1 1 1 1 1
0022 1814143.581.root 1 1 1 1 1 1
0022 1814143.582.root 1 1 1 1 1 1
0022 1814143.583.root 1 1 1 1 1 1
0022 1814143.585.root 1 1 1 1 1 1
0022 1814143.586.root 1 1 1 1 1 1
0022 1814143.587.root 1 1 1 1 1 1
0022 1814143.588.root 1 1 1 1 1 1
0022 1814143.589.root 1 1 1 1 1 1
0022 1814143.59.root 1 1 1 1 1 1
0022 1814143.590.root 1 1 1 1 1 1
0022 1814143.591.root 1 1 1 1 1 1
0022 1814143.592.root 1 1 1 1 1 1
0022 1814143.593.root 1 1 1 1 1 1
0022 1814143.594.root 1 1 1 1 1 1
0022 1814143.597.root 1 1 1 1 1 1
0022 1814143.598.root 1 1 1 1 1 1
0022 1814143.599.root 1 1 1 1 1 1
0022 1814143.60.root 1 1 1 1 1 1
0023 1814143.600.root 1 1 1 1 1 1
0023 1814143.601.root 1 1 1 1 1 1
0023 1814143.602.root 1 1 1 1 1 1
0023 1814143.603.root 1 1 1 1 1 1
0023 1814143.604.root 1 1 1 1 1 1
0023 1814143.605.root 1 1 1 1 1 1
0023 1814143.606.root 1 1 1 1 1 1
0023 1814143.607.root 1 1 1 1 1 1
0023 1814143.61.root 1 1 1 1 1 1
0023 1814143.610.root 1 1 1 1 1 1
0023 1814143.611.root 1 1 1 1 1 1
0023 1814143.612.root 1 1 1 1 1 1
0023 1814143.613.root 1 1 1 1 1 1
0023 1814143.614.root 1 1 1 1 1 1
0023 1814143.615.root 1 1 1 1 1 1
0023 1814143.616.root 1 1 1 1 1 1
0023 1814143.618.root 1 1 1 1 1 1
0023 1814143.619.root 1 1 1 1 1 1
0023 1814143.62.root 1 1 1 1 1 1
0023 1814143.620.root 1 1 1 1 1 1
0024 1814143.621.root 1 1 1 1 1 1
0024 1814143.622.root 1 1 1 1 1 1
0024 1814143.624.root 1 1 1 1 1 1
0024 1814143.625.root 1 1 1 1 1 1
0024 1814143.626.root 1 1 1 1 1 1
0024 1814143.627.root 1 1 1 1 1 1
0024 1814143.630.root 1 1 1 1 1 1
0024 1814143.631.root 1 1 1 1 1 1
0024 1814143.632.root 1 1 1 1 1 1
0024 1814143.633.root 1 1 1 1 1 1
0024 1814143.634.root 1 1 1 1 1 1
0024 1814143.635.root 1 1 1 1 1 1
0024 1814143.637.root 1 1 1 1 1 1
0024 1814143.638.root 1 1 1 1 1 1
0024 1814143.639.root 1 1 1 1 1 1
0024 1814143.64.root 1 1 1 1 1 1
0024 1814143.640.root 1 1 1 1 1 1
0024 1814143.641.root 1 1 1 1 1 1
0024 1814143.642.root 1 1 1 1 1 1
0024 1814143.643.root 1 1 1 1 1 1
0025 1814143.644.root 1 1 1 1 1 1
0025 1814143.645.root 1 1 1 1 1 1
0025 1814143.646.root 1 1 1 1 1 1
0025 1814143.647.root 1 1 1 1 1 1
0025 1814143.65.root 1 1 1 1 1 1
0025 1814143.652.root 1 1 1 1 1 1
0025 1814143.653.root 1 1 1 1 1 1
0025 1814143.654.root 1 1 1 1 1 1
0025 1814143.655.root 1 1 1 1 1 1
0025 1814143.656.root 1 1 1 1 1 1
0025 1814143.657.root 1 1 1 1 1 1
0025 1814143.658.root 1 1 1 1 1 1
0025 1814143.66.root 1 1 1 1 1 1
0025 1814143.660.root 1 1 1 1 1 1
0025 1814143.661.root 1 1 1 1 1 1
0025 1814143.662.root 1 1 1 1 1 1
0025 1814143.663.root 1 1 1 1 1 1
0025 1814143.664.root 1 1 1 1 1 1
0025 1814143.665.root 1 1 1 1 1 1
0025 1814143.666.root 1 1 1 1 1 1
0026 1814143.668.root 1 1 1 1 1 1
0026 1814143.669.root 1 1 1 1 1 1
0026 1814143.67.root 1 1 1 1 1 1
0026 1814143.673.root 1 1 1 1 1 1
0026 1814143.674.root 1 1 1 1 1 1
0026 1814143.678.root 1 1 1 1 1 1
0026 1814143.679.root 1 1 1 1 1 1
0026 1814143.68.root 1 1 1 1 1 1
0026 1814143.683.root 1 1 1 1 1 1
0026 1814143.684.root 1 1 1 1 1 1
0026 1814143.685.root 1 1 1 1 1 1
0026 1814143.686.root 1 1 1 1 1 1
0026 1814143.688.root 1 1 1 1 1 1
0026 1814143.689.root 1 1 1 1 1 1
0026 1814143.69.root 1 1 1 1 1 1
0026 1814143.691.root 1 1 1 1 1 1
0026 1814143.692.root 1 1 1 1 1 1
0026 1814143.693.root 1 1 1 1 1 1
0026 1814143.695.root 1 1 1 1 1 1
0026 1814143.696.root 1 1 1 1 1 1
0027 1814143.697.root 1 1 1 1 1 1
0027 1814143.698.root 1 1 1 1 1 1
0027 1814143.699.root 1 1 1 1 1 1
0027 1814143.70.root 1 1 1 1 1 1
0027 1814143.700.root 1 1 1 1 1 1
0027 1814143.701.root 1 1 1 1 1 1
0027 1814143.702.root 1 1 1 1 1 1
0027 1814143.703.root 1 1 1 1 1 1
0027 1814143.704.root 1 1 1 1 1 1
0027 1814143.705.root 1 1 1 1 1 1
0027 1814143.706.root 1 1 1 1 1 1
0027 1814143.707.root 1 1 1 1 1 1
0027 1814143.708.root 1 1 1 1 1 1
0027 1814143.71.root 1 1 1 1 1 1
0027 1814143.710.root 1 1 1 1 1 1
0027 1814143.711.root 1 1 1 1 1 1
0027 1814143.712.root 1 1 1 1 1 1
0027 1814143.713.root 1 1 1 1 1 1
0027 1814143.714.root 1 1 1 1 1 1
0027 1814143.715.root 1 1 1 1 1 1
0028 1814143.716.root 1 1 1 1 1 1
0028 1814143.717.root 1 1 1 1 1 1
0028 1814143.718.root 1 1 1 1 1 1
0028 1814143.72.root 1 1 1 1 1 1
0028 1814143.720.root 1 1 1 1 1 1
0028 1814143.721.root 1 1 1 1 1 1
0028 1814143.722.root 1 1 1 1 1 1
0028 1814143.723.root 1 1 1 1 1 1
0028 1814143.724.root 1 1 1 1 1 1
0028 1814143.726.root 1 1 1 1 1 1
0028 1814143.727.root 1 1 1 1 1 1
0028 1814143.728.root 1 1 1 1 1 1
0028 1814143.729.root 1 1 1 1 1 1
0028 1814143.73.root 1 1 1 1 1 1
0028 1814143.730.root 1 1 1 1 1 1
0028 1814143.731.root 1 1 1 1 1 1
0028 1814143.732.root 1 1 1 1 1 1
0028 1814143.733.root 1 1 1 1 1 1
0028 1814143.734.root 1 1 1 1 1 1
0028 1814143.735.root 1 1 1 1 1 1
0029 1814143.736.root 1 1 1 1 1 1
0029 1814143.737.root 1 1 1 1 1 1
0029 1814143.738.root 1 1 1 1 1 1
0029 1814143.739.root 1 1 1 1 1 1
0029 1814143.74.root 1 1 1 1 1 1
0029 1814143.740.root 1 1 1 1 1 1
0029 1814143.741.root 1 1 1 1 1 1
0029 1814143.742.root 1 1 1 1 1 1
0029 1814143.744.root 1 1 1 1 1 1
0029 1814143.745.root 1 1 1 1 1 1
0029 1814143.746.root 1 1 1 1 1 1
0029 1814143.747.root 1 1 1 1 1 1
0029 1814143.748.root 1 1 1 1 1 1
0029 1814143.749.root 1 1 1 1 1 1
0029 1814143.75.root 1 1 1 1 1 1
0029 1814143.750.root 1 1 1 1 1 1
0029 1814143.751.root 1 1 1 1 1 1
0029 1814143.752.root 1 1 1 1 1 1
0029 1814143.753.root 1 1 1 1 1 1
0029 1814143.754.root 1 1 1 1 1 1
0030 1814143.755.root 1 1 1 1 1 1
0030 1814143.756.root 1 1 1 1 1 1
0030 1814143.758.root 1 1 1 1 1 1
0030 1814143.759.root 1 1 1 1 1 1
0030 1814143.76.root 1 1 1 1 1 1
0030 1814143.762.root 1 1 1 1 1 1
0030 1814143.765.root 1 1 1 1 1 1
0030 1814143.766.root 1 1 1 1 1 1
0030 1814143.767.root 1 1 1 1 1 1
0030 1814143.768.root 1 1 1 1 1 1
0030 1814143.769.root 1 1 1 1 1 1
0030 1814143.77.root 1 1 1 1 1 1
0030 1814143.771.root 1 1 1 1 1 1
0030 1814143.772.root 1 1 1 1 1 1
0030 1814143.773.root 1 1 1 1 1 1
0030 1814143.774.root 1 1 1 1 1 1
0030 1814143.775.root 1 1 1 1 1 1
0030 1814143.776.root 1 1 1 1 1 1
0030 1814143.777.root 1 1 1 1 1 1
0030 1814143.778.root 1 1 1 1 1 1
0031 1814143.779.root 1 1 1 1 1 1
0031 1814143.78.root 1 1 1 1 1 1
0031 1814143.780.root 1 1 1 1 1 1
0031 1814143.781.root 1 1 1 1 1 1
0031 1814143.782.root 1 1 1 1 1 1
0031 1814143.783.root 1 1 1 1 1 1
0031 1814143.784.root 1 1 1 1 1 1
0031 1814143.785.root 1 1 1 1 1 1
0031 1814143.786.root 1 1 1 1 1 1
0031 1814143.787.root 1 1 1 1 1 1
0031 1814143.788.root 1 1 1 1 1 1
0031 1814143.789.root 1 1 1 1 1 1
0031 1814143.790.root 1 1 1 1 1 1
0031 1814143.791.root 1 1 1 1 1 1
0031 1814143.792.root 1 1 1 1 1 1
0031 1814143.793.root 1 1 1 1 1 1
0031 1814143.794.root 1 1 1 1 1 1
0031 1814143.795.root 1 1 1 1 1 1
0031 1814143.796.root 1 1 1 1 1 1
0031 1814143.798.root 1 1 1 1 1 1
0032 1814143.799.root 1 1 1 1 1 1
0032 1814143.80.root 1 1 1 1 1 1
0032 1814143.800.root 1 1 1 1 1 1
0032 1814143.801.root 1 1 1 1 1 1
0032 1814143.802.root 1 1 1 1 1 1
0032 1814143.804.root 1 1 1 1 1 1
0032 1814143.805.root 1 1 1 1 1 1
0032 1814143.806.root 1 1 1 1 1 1
0032 1814143.807.root 1 1 1 1 1 1
0032 1814143.81.root 1 1 1 1 1 1
0032 1814143.811.root 1 1 1 1 1 1
0032 1814143.813.root 1 1 1 1 1 1
0032 1814143.814.root 1 1 1 1 1 1
0032 1814143.815.root 1 1 1 1 1 1
0032 1814143.816.root 1 1 1 1 1 1
0032 1814143.817.root 1 1 1 1 1 1
0032 1814143.818.root 1 1 1 1 1 1
0032 1814143.819.root 1 1 1 1 1 1
0032 1814143.82.root 1 1 1 1 1 1
0032 1814143.820.root 1 1 1 1 1 1
0033 1814143.821.root 1 1 1 1 1 1
0033 1814143.824.root 1 1 1 1 1 1
0033 1814143.825.root 1 1 1 1 1 1
0033 1814143.826.root 1 1 1 1 1 1
0033 1814143.827.root 1 1 1 1 1 1
0033 1814143.828.root 1 1 1 1 1 1
0033 1814143.83.root 1 1 1 1 1 1
0033 1814143.832.root 1 1 1 1 1 1
0033 1814143.833.root 1 1 1 1 1 1
0033 1814143.834.root 1 1 1 1 1 1
0033 1814143.836.root 1 1 1 1 1 1
0033 1814143.839.root 1 1 1 1 1 1
0033 1814143.84.root 1 1 1 1 1 1
0033 1814143.843.root 1 1 1 1 1 1
0033 1814143.844.root 1 1 1 1 1 1
0033 1814143.846.root 1 1 1 1 1 1
0033 1814143.848.root 1 1 1 1 1 1
0033 1814143.849.root 1 1 1 1 1 1
0033 1814143.85.root 1 1 1 1 1 1
0033 1814143.851.root 1 1 1 1 1 1
0034 1814143.852.root 1 1 1 1 1 1
0034 1814143.853.root 1 1 1 1 1 1
0034 1814143.854.root 1 1 1 1 1 1
0034 1814143.855.root 1 1 1 1 1 1
0034 1814143.857.root 1 1 1 1 1 1
0034 1814143.858.root 1 1 1 1 1 1
0034 1814143.859.root 1 1 1 1 1 1
0034 1814143.86.root 1 1 1 1 1 1
0034 1814143.860.root 1 1 1 1 1 1
0034 1814143.861.root 1 1 1 1 1 1
0034 1814143.862.root 1 1 1 1 1 1
0034 1814143.863.root 1 1 1 1 1 1
0034 1814143.864.root 1 1 1 1 1 1
0034 1814143.865.root 1 1 1 1 1 1
0034 1814143.866.root 1 1 1 1 1 1
0034 1814143.867.root 1 1 1 1 1 1
0034 1814143.869.root 1 1 1 1 1 1
0034 1814143.87.root 1 1 1 1 1 1
0034 1814143.870.root 1 1 1 1 1 1
0034 1814143.871.root 1 1 1 1 1 1
0035 1814143.872.root 1 1 1 1 1 1
0035 1814143.873.root 1 1 1 1 1 1
0035 1814143.874.root 1 1 1 1 1 1
0035 1814143.875.root 1 1 1 1 1 1
0035 1814143.876.root 1 1 1 1 1 1
0035 1814143.877.root 1 1 1 1 1 1
0035 1814143.878.root 1 1 1 1 1 1
0035 1814143.879.root 1 1 1 1 1 1
0035 1814143.88.root 1 1 1 1 1 1
0035 1814143.880.root 1 1 1 1 1 1
0035 1814143.881.root 1 1 1 1 1 1
0035 1814143.882.root 1 1 1 1 1 1
0035 1814143.883.root 1 1 1 1 1 1
0035 1814143.884.root 1 1 1 1 1 1
0035 1814143.885.root 1 1 1 1 1 1
0035 1814143.886.root 1 1 1 1 1 1
0035 1814143.887.root 1 1 1 1 1 1
0035 1814143.889.root 1 1 1 1 1 1
0035 1814143.89.root 1 1 1 1 1 1
0035 1814143.890.root 1 1 1 1 1 1
0036 1814143.891.root 1 1 1 1 1 1
0036 1814143.893.root 1 1 1 1 1 1
0036 1814143.894.root 1 1 1 1 1 1
0036 1814143.896.root 1 1 1 1 1 1
0036 1814143.897.root 1 1 1 1 1 1
0036 1814143.898.root 1 1 1 1 1 1
0036 1814143.899.root 1 1 1 1 1 1
0036 1814143.90.root 1 1 1 1 1 1
0036 1814143.901.root 1 1 1 1 1 1
0036 1814143.902.root 1 1 1 1 1 1
0036 1814143.903.root 1 1 1 1 1 1
0036 1814143.904.root 1 1 1 1 1 1
0036 1814143.905.root 1 1 1 1 1 1
0036 1814143.906.root 1 1 1 1 1 1
0036 1814143.908.root 1 1 1 1 1 1
0036 1814143.909.root 1 1 1 1 1 1
0036 1814143.91.root 1 1 1 1 1 1
0036 1814143.910.root 1 1 1 1 1 1
0036 1814143.912.root 1 1 1 1 1 1
0036 1814143.914.root 1 1 1 1 1 1
0037 1814143.915.root 1 1 1 1 1 1
0037 1814143.916.root 1 1 1 1 1 1
0037 1814143.917.root 1 1 1 1 1 1
0037 1814143.918.root 1 1 1 1 1 1
0037 1814143.919.root 1 1 1 1 1 1
0037 1814143.92.root 1 1 1 1 1 1
0037 1814143.920.root 1 1 1 1 1 1
0037 1814143.921.root 1 1 1 1 1 1
0037 1814143.923.root 1 1 1 1 1 1
0037 1814143.924.root 1 1 1 1 1 1
0037 1814143.925.root 1 1 1 1 1 1
0037 1814143.926.root 1 1 1 1 1 1
0037 1814143.927.root 1 1 1 1 1 1
0037 1814143.928.root 1 1 1 1 1 1
0037 1814143.929.root 1 1 1 1 1 1
0037 1814143.93.root 1 1 1 1 1 1
0037 1814143.931.root 1 1 1 1 1 1
0037 1814143.932.root 1 1 1 1 1 1
0037 1814143.933.root 1 1 1 1 1 1
0037 1814143.934.root 1 1 1 1 1 1
0038 1814143.935.root 1 1 1 1 1 1
0038 1814143.936.root 1 1 1 1 1 1
0038 1814143.937.root 1 1 1 1 1 1
0038 1814143.938.root 1 1 1 1 1 1
0038 1814143.939.root 1 1 1 1 1 1
0038 1814143.94.root 1 1 1 1 1 1
0038 1814143.940.root 1 1 1 1 1 1
0038 1814143.941.root 1 1 1 1 1 1
0038 1814143.942.root 1 1 1 1 1 1
0038 1814143.943.root 1 1 1 1 1 1
0038 1814143.945.root 1 1 1 1 1 1
0038 1814143.946.root 1 1 1 1 1 1
0038 1814143.948.root 1 1 1 1 1 1
0038 1814143.949.root 1 1 1 1 1 1
0038 1814143.95.root 1 1 1 1 1 1
0038 1814143.950.root 1 1 1 1 1 1
0038 1814143.951.root 1 1 1 1 1 1
0038 1814143.952.root 1 1 1 1 1 1
0038 1814143.953.root 1 1 1 1 1 1
0038 1814143.954.root 1 1 1 1 1 1
0039 1814143.955.root 1 1 1 1 1 1
0039 1814143.956.root 1 1 1 1 1 1
0039 1814143.957.root 1 1 1 1 1 1
0039 1814143.958.root 1 1 1 1 1 1
0039 1814143.959.root 1 1 1 1 1 1
0039 1814143.96.root 1 1 1 1 1 1
0039 1814143.960.root 1 1 1 1 1 1
0039 1814143.962.root 1 1 1 1 1 1
0039 1814143.963.root 1 1 1 1 1 1
0039 1814143.964.root 1 1 1 1 1 1
0039 1814143.965.root 1 1 1 1 1 1
0039 1814143.966.root 1 1 1 1 1 1
0039 1814143.967.root 1 1 1 1 1 1
0039 1814143.969.root 1 1 1 1 1 1
0039 1814143.97.root 1 1 1 1 1 1
0039 1814143.970.root 1 1 1 1 1 1
0039 1814143.974.root 1 1 1 1 1 1
0039 1814143.975.root 1 1 1 1 1 1
0039 1814143.976.root 1 1 1 1 1 1
0039 1814143.978.root 1 1 1 1 1 1
0040 1814143.979.root 1 1 1 1 1 1
0040 1814143.980.root 1 1 1 1 1 1
0040 1814143.981.root 1 1 1 1 1 1
0040 1814143.982.root 1 1 1 1 1 1
0040 1814143.984.root 1 1 1 1 1 1
0040 1814143.985.root 1 1 1 1 1 1
0040 1814143.986.root 1 1 1 1 1 1
0040 1814143.987.root 1 1 1 1 1 1
0040 1814143.988.root 1 1 1 1 1 1
0040 1814143.99.root 1 1 1 1 1 1
0040 1814143.991.root 1 1 1 1 1 1
0040 1814143.993.root 1 1 1 1 1 1
0040 1814143.994.root 1 1 1 1 1 1
0040 1814143.996.root 1 1 1 1 1 1
0040 1814143.999.root 1 1 1 1 1 1
0040 1814144.100.root 1 1 1 1 1 1
0040 1814144.101.root 1 1 1 1 1 1
0040 1814144.102.root 1 1 1 1 1 1
0040 1814144.103.root 1 1 1 1 1 1
0040 1814144.104.root 1 1 1 1 1 1
0041 1814144.105.root 1 1 1 1 1 1
0041 1814144.106.root 1 1 1 1 1 1
0041 1814144.107.root 1 1 1 1 1 1
0041 1814144.11.root 1 1 1 1 1 1
0041 1814144.110.root 1 1 1 1 1 1
0041 1814144.111.root 1 1 1 1 1 1
0041 1814144.112.root 1 1 1 1 1 1
0041 1814144.113.root 1 1 1 1 1 1
0041 1814144.114.root 1 1 1 1 1 1
0041 1814144.115.root 1 1 1 1 1 1
0041 1814144.116.root 1 1 1 1 1 1
0041 1814144.118.root 1 1 1 1 1 1
0041 1814144.119.root 1 1 1 1 1 1
0041 1814144.12.root 1 1 1 1 1 1
0041 1814144.120.root 1 1 1 1 1 1
0041 1814144.123.root 1 1 1 1 1 1
0041 1814144.124.root 1 1 1 1 1 1
0041 1814144.125.root 1 1 1 1 1 1
0041 1814144.126.root 1 1 1 1 1 1
0041 1814144.127.root 1 1 1 1 1 1
0042 1814144.128.root 1 1 1 1 1 1
0042 1814144.129.root 1 1 1 1 1 1
0042 1814144.13.root 1 1 1 1 1 1
0042 1814144.130.root 1 1 1 1 1 1
0042 1814144.131.root 1 1 1 1 1 1
0042 1814144.133.root 1 1 1 1 1 1
0042 1814144.134.root 1 1 1 1 1 1
0042 1814144.135.root 1 1 1 1 1 1
0042 1814144.136.root 1 1 1 1 1 1
0042 1814144.137.root 1 1 1 1 1 1
0042 1814144.14.root 1 1 1 1 1 1
0042 1814144.140.root 1 1 1 1 1 1
0042 1814144.142.root 1 1 1 1 1 1
0042 1814144.143.root 1 1 1 1 1 1
0042 1814144.144.root 1 1 1 1 1 1
0042 1814144.145.root 1 1 1 1 1 1
0042 1814144.148.root 1 1 1 1 1 1
0042 1814144.151.root 1 1 1 1 1 1
0042 1814144.152.root 1 1 1 1 1 1
0042 1814144.153.root 1 1 1 1 1 1
0043 1814144.154.root 1 1 1 1 1 1
0043 1814144.156.root 1 1 1 1 1 1
0043 1814144.157.root 1 1 1 1 1 1
0043 1814144.158.root 1 1 1 1 1 1
0043 1814144.159.root 1 1 1 1 1 1
0043 1814144.161.root 1 1 1 1 1 1
0043 1814144.162.root 1 1 1 1 1 1
0043 1814144.163.root 1 1 1 1 1 1
0043 1814144.164.root 1 1 1 1 1 1
0043 1814144.167.root 1 1 1 1 1 1
0043 1814144.168.root 1 1 1 1 1 1
0043 1814144.169.root 1 1 1 1 1 1
0043 1814144.17.root 1 1 1 1 1 1
0043 1814144.170.root 1 1 1 1 1 1
0043 1814144.171.root 1 1 1 1 1 1
0043 1814144.173.root 1 1 1 1 1 1
0043 1814144.174.root 1 1 1 1 1 1
0043 1814144.175.root 1 1 1 1 1 1
0043 1814144.176.root 1 1 1 1 1 1
0043 1814144.177.root 1 1 1 1 1 1
0044 1814144.178.root 1 1 1 1 1 1
0044 1814144.179.root 1 1 1 1 1 1
0044 1814144.180.root 1 1 1 1 1 1
0044 1814144.181.root 1 1 1 1 1 1
0044 1814144.182.root 1 1 1 1 1 1
0044 1814144.183.root 1 1 1 1 1 1
0044 1814144.184.root 1 1 1 1 1 1
0044 1814144.185.root 1 1 1 1 1 1
0044 1814144.186.root 1 1 1 1 1 1
0044 1814144.187.root 1 1 1 1 1 1
0044 1814144.188.root 1 1 1 1 1 1
0044 1814144.189.root 1 1 1 1 1 1
0044 1814144.19.root 1 1 1 1 1 1
0044 1814144.190.root 1 1 1 1 1 1
0044 1814144.191.root 1 1 1 1 1 1
0044 1814144.192.root 1 1 1 1 1 1
0044 1814144.194.root 1 1 1 1 1 1
0044 1814144.196.root 1 1 1 1 1 1
0044 1814144.197.root 1 1 1 1 1 1
0044 1814144.198.root 1 1 1 1 1 1
0045 1814144.199.root 1 1 1 1 1 1
0045 1814144.2.root 1 1 1 1 1 1
0045 1814144.20.root 1 1 1 1 1 1
0045 1814144.200.root 1 1 1 1 1 1
0045 1814144.201.root 1 1 1 1 1 1
0045 1814144.202.root 1 1 1 1 1 1
0045 1814144.203.root 1 1 1 1 1 1
0045 1814144.205.root 1 1 1 1 1 1
0045 1814144.206.root 1 1 1 1 1 1
0045 1814144.207.root 1 1 1 1 1 1
0045 1814144.208.root 1 1 1 1 1 1
0045 1814144.209.root 1 1 1 1 1 1
0045 1814144.21.root 1 1 1 1 1 1
0045 1814144.210.root 1 1 1 1 1 1
0045 1814144.211.root 1 1 1 1 1 1
0045 1814144.212.root 1 1 1 1 1 1
0045 1814144.214.root 1 1 1 1 1 1
0045 1814144.215.root 1 1 1 1 1 1
0045 1814144.217.root 1 1 1 1 1 1
0045 1814144.219.root 1 1 1 1 1 1
0046 1814144.22.root 1 1 1 1 1 1
0046 1814144.220.root 1 1 1 1 1 1
0046 1814144.221.root 1 1 1 1 1 1
0046 1814144.224.root 1 1 1 1 1 1
0046 1814144.226.root 1 1 1 1 1 1
0046 1814144.227.root 1 1 1 1 1 1
0046 1814144.228.root 1 1 1 1 1 1
0046 1814144.229.root 1 1 1 1 1 1
0046 1814144.23.root 1 1 1 1 1 1
0046 1814144.230.root 1 1 1 1 1 1
0046 1814144.231.root 1 1 1 1 1 1
0046 1814144.233.root 1 1 1 1 1 1
0046 1814144.234.root 1 1 1 1 1 1
0046 1814144.235.root 1 1 1 1 1 1
0046 1814144.236.root 1 1 1 1 1 1
0046 1814144.237.root 1 1 1 1 1 1
0046 1814144.238.root 1 1 1 1 1 1
0046 1814144.24.root 1 1 1 1 1 1
0046 1814144.240.root 1 1 1 1 1 1
0046 1814144.241.root 1 1 1 1 1 1
0047 1814144.242.root 1 1 1 1 1 1
0047 1814144.243.root 1 1 1 1 1 1
0047 1814144.244.root 1 1 1 1 1 1
0047 1814144.245.root 1 1 1 1 1 1
0047 1814144.246.root 1 1 1 1 1 1
0047 1814144.247.root 1 1 1 1 1 1
0047 1814144.248.root 1 1 1 1 1 1
0047 1814144.249.root 1 1 1 1 1 1
0047 1814144.25.root 1 1 1 1 1 1
0047 1814144.252.root 1 1 1 1 1 1
0047 1814144.253.root 1 1 1 1 1 1
0047 1814144.255.root 1 1 1 1 1 1
0047 1814144.256.root 1 1 1 1 1 1
0047 1814144.257.root 1 1 1 1 1 1
0047 1814144.26.root 1 1 1 1 1 1
0047 1814144.265.root 1 1 1 1 1 1
0047 1814144.266.root 1 1 1 1 1 1
0047 1814144.268.root 1 1 1 1 1 1
0047 1814144.269.root 1 1 1 1 1 1
0047 1814144.27.root 1 1 1 1 1 1
0048 1814144.270.root 1 1 1 1 1 1
0048 1814144.272.root 1 1 1 1 1 1
0048 1814144.273.root 1 1 1 1 1 1
0048 1814144.276.root 1 1 1 1 1 1
0048 1814144.277.root 1 1 1 1 1 1
0048 1814144.278.root 1 1 1 1 1 1
0048 1814144.279.root 1 1 1 1 1 1
0048 1814144.28.root 1 1 1 1 1 1
0048 1814144.280.root 1 1 1 1 1 1
0048 1814144.281.root 1 1 1 1 1 1
0048 1814144.282.root 1 1 1 1 1 1
0048 1814144.283.root 1 1 1 1 1 1
0048 1814144.285.root 1 1 1 1 1 1
0048 1814144.286.root 1 1 1 1 1 1
0048 1814144.287.root 1 1 1 1 1 1
0048 1814144.288.root 1 1 1 1 1 1
0048 1814144.289.root 1 1 1 1 1 1
0048 1814144.29.root 1 1 1 1 1 1
0048 1814144.290.root 1 1 1 1 1 1
0048 1814144.291.root 1 1 1 1 1 1
0049 1814144.292.root 1 1 1 1 1 1
0049 1814144.293.root 1 1 1 1 1 1
0049 1814144.294.root 1 1 1 1 1 1
0049 1814144.297.root 1 1 1 1 1 1
0049 1814144.298.root 1 1 1 1 1 1
0049 1814144.3.root 1 1 1 1 1 1
0049 1814144.30.root 1 1 1 1 1 1
0049 1814144.300.root 1 1 1 1 1 1
0049 1814144.303.root 1 1 1 1 1 1
0049 1814144.304.root 1 1 1 1 1 1
0049 1814144.305.root 1 1 1 1 1 1
0049 1814144.308.root 1 1 1 1 1 1
0049 1814144.31.root 1 1 1 1 1 1
0049 1814144.32.root 1 1 1 1 1 1
0049 1814144.327.root 1 1 1 1 1 1
0049 1814144.328.root 1 1 1 1 1 1
0049 1814144.329.root 1 1 1 1 1 1
0049 1814144.33.root 1 1 1 1 1 1
0049 1814144.332.root 1 1 1 1 1 1
0049 1814144.333.root 1 1 1 1 1 1
0050 1814144.334.root 1 1 1 1 1 1
0050 1814144.336.root 1 1 1 1 1 1
0050 1814144.337.root 1 1 1 1 1 1
0050 1814144.338.root 1 1 1 1 1 1
0050 1814144.34.root 1 1 1 1 1 1
0050 1814144.340.root 1 1 1 1 1 1
0050 1814144.341.root 1 1 1 1 1 1
0050 1814144.342.root 1 1 1 1 1 1
0050 1814144.345.root 1 1 1 1 1 1
0050 1814144.346.root 1 1 1 1 1 1
0050 1814144.347.root 1 1 1 1 1 1
0050 1814144.35.root 1 1 1 1 1 1
0050 1814144.350.root 1 1 1 1 1 1
0050 1814144.351.root 1 1 1 1 1 1
0050 1814144.353.root 1 1 1 1 1 1
0050 1814144.356.root 1 1 1 1 1 1
0050 1814144.358.root 1 1 1 1 1 1
0050 1814144.359.root 1 1 1 1 1 1
0050 1814144.36.root 1 1 1 1 1 1
0050 1814144.360.root 1 1 1 1 1 1
0051 1814144.368.root 1 1 1 1 1 1
0051 1814144.369.root 1 1 1 1 1 1
0051 1814144.37.root 1 1 1 1 1 1
0051 1814144.370.root 1 1 1 1 1 1
0051 1814144.371.root 1 1 1 1 1 1
0051 1814144.372.root 1 1 1 1 1 1
0051 1814144.373.root 1 1 1 1 1 1
0051 1814144.374.root 1 1 1 1 1 1
0051 1814144.375.root 1 1 1 1 1 1
0051 1814144.376.root 1 1 1 1 1 1
0051 1814144.377.root 1 1 1 1 1 1
0051 1814144.378.root 1 1 1 1 1 1
0051 1814144.379.root 1 1 1 1 1 1
0051 1814144.38.root 1 1 1 1 1 1
0051 1814144.380.root 1 1 1 1 1 1
0051 1814144.381.root 1 1 1 1 1 1
0051 1814144.382.root 1 1 1 1 1 1
0051 1814144.383.root 1 1 1 1 1 1
0051 1814144.384.root 1 1 1 1 1 1
0051 1814144.385.root 1 1 1 1 1 1
0052 1814144.386.root 1 1 1 1 1 1
0052 1814144.387.root 1 1 1 1 1 1
0052 1814144.388.root 1 1 1 1 1 1
0052 1814144.389.root 1 1 1 1 1 1
0052 1814144.39.root 1 1 1 1 1 1
0052 1814144.390.root 1 1 1 1 1 1
0052 1814144.4.root 1 1 1 1 1 1
0052 1814144.40.root 1 1 1 1 1 1
0052 1814144.406.root 1 1 1 1 1 1
0052 1814144.407.root 1 1 1 1 1 1
0052 1814144.408.root 1 1 1 1 1 1
0052 1814144.409.root 1 1 1 1 1 1
0052 1814144.41.root 1 1 1 1 1 1
0052 1814144.410.root 1 1 1 1 1 1
0052 1814144.411.root 1 1 1 1 1 1
0052 1814144.412.root 1 1 1 1 1 1
0052 1814144.413.root 1 1 1 1 1 1
0052 1814144.414.root 1 1 1 1 1 1
0052 1814144.415.root 1 1 1 1 1 1
0052 1814144.416.root 1 1 1 1 1 1
0053 1814144.417.root 1 1 1 1 1 1
0053 1814144.42.root 1 1 1 1 1 1
0053 1814144.43.root 1 1 1 1 1 1
0053 1814144.433.root 1 1 1 1 1 1
0053 1814144.434.root 1 1 1 1 1 1
0053 1814144.435.root 1 1 1 1 1 1
0053 1814144.436.root 1 1 1 1 1 1
0053 1814144.437.root 1 1 1 1 1 1
0053 1814144.438.root 1 1 1 1 1 1
0053 1814144.44.root 1 1 1 1 1 1
0053 1814144.440.root 1 1 1 1 1 1
0053 1814144.441.root 1 1 1 1 1 1
0053 1814144.442.root 1 1 1 1 1 1
0053 1814144.443.root 1 1 1 1 1 1
0053 1814144.444.root 1 1 1 1 1 1
0053 1814144.445.root 1 1 1 1 1 1
0053 1814144.446.root 1 1 1 1 1 1
0053 1814144.447.root 1 1 1 1 1 1
0053 1814144.448.root 1 1 1 1 1 1
0053 1814144.449.root 1 1 1 1 1 1
0054 1814144.45.root 1 1 1 1 1 1
0054 1814144.450.root 1 1 1 1 1 1
0054 1814144.451.root 1 1 1 1 1 1
0054 1814144.452.root 1 1 1 1 1 1
0054 1814144.453.root 1 1 1 1 1 1
0054 1814144.454.root 1 1 1 1 1 1
0054 1814144.455.root 1 1 1 1 1 1
0054 1814144.456.root 1 1 1 1 1 1
0054 1814144.457.root 1 1 1 1 1 1
0054 1814144.458.root 1 1 1 1 1 1
0054 1814144.46.root 1 1 1 1 1 1
0054 1814144.47.root 1 1 1 1 1 1
0054 1814144.474.root 1 1 1 1 1 1
0054 1814144.475.root 1 1 1 1 1 1
0054 1814144.476.root 1 1 1 1 1 1
0054 1814144.477.root 1 1 1 1 1 1
0054 1814144.478.root 1 1 1 1 1 1
0054 1814144.479.root 1 1 1 1 1 1
0054 1814144.48.root 1 1 1 1 1 1
0054 1814144.480.root 1 1 1 1 1 1
0055 1814144.481.root 1 1 1 1 1 1
0055 1814144.483.root 1 1 1 1 1 1
0055 1814144.50.root 1 1 1 1 1 1
0055 1814144.500.root 1 1 1 1 1 1
0055 1814144.501.root 1 1 1 1 1 1
0055 1814144.502.root 1 1 1 1 1 1
0055 1814144.503.root 1 1 1 1 1 1
0055 1814144.504.root 1 1 1 1 1 1
0055 1814144.505.root 1 1 1 1 1 1
0055 1814144.506.root 1 1 1 1 1 1
0055 1814144.507.root 1 1 1 1 1 1
0055 1814144.508.root 1 1 1 1 1 1
0055 1814144.509.root 1 1 1 1 1 1
0055 1814144.51.root 1 1 1 1 1 1
0055 1814144.510.root 1 1 1 1 1 1
0055 1814144.511.root 1 1 1 1 1 1
0055 1814144.512.root 1 1 1 1 1 1
0055 1814144.513.root 1 1 1 1 1 1
0055 1814144.514.root 1 1 1 1 1 1
0055 1814144.53.root 1 1 1 1 1 1
0056 1814144.531.root 1 1 1 1 1 1
0056 1814144.532.root 1 1 1 1 1 1
0056 1814144.533.root 1 1 1 1 1 1
0056 1814144.534.root 1 1 1 1 1 1
0056 1814144.536.root 1 1 1 1 1 1
0056 1814144.537.root 1 1 1 1 1 1
0056 1814144.538.root 1 1 1 1 1 1
0056 1814144.539.root 1 1 1 1 1 1
0056 1814144.54.root 1 1 1 1 1 1
0056 1814144.540.root 1 1 1 1 1 1
0056 1814144.541.root 1 1 1 1 1 1
0056 1814144.542.root 1 1 1 1 1 1
0056 1814144.543.root 1 1 1 1 1 1
0056 1814144.544.root 1 1 1 1 1 1
0056 1814144.545.root 1 1 1 1 1 1
0056 1814144.546.root 1 1 1 1 1 1
0056 1814144.547.root 1 1 1 1 1 1
0056 1814144.55.root 1 1 1 1 1 1
0056 1814144.550.root 1 1 1 1 1 1
0056 1814144.551.root 1 1 1 1 1 1
0057 1814144.552.root 1 1 1 1 1 1
0057 1814144.554.root 1 1 1 1 1 1
0057 1814144.555.root 1 1 1 1 1 1
0057 1814144.556.root 1 1 1 1 1 1
0057 1814144.558.root 1 1 1 1 1 1
0057 1814144.56.root 1 1 1 1 1 1
0057 1814144.562.root 1 1 1 1 1 1
0057 1814144.564.root 1 1 1 1 1 1
0057 1814144.567.root 1 1 1 1 1 1
0057 1814144.568.root 1 1 1 1 1 1
0057 1814144.569.root 1 1 1 1 1 1
0057 1814144.57.root 1 1 1 1 1 1
0057 1814144.570.root 1 1 1 1 1 1
0057 1814144.572.root 1 1 1 1 1 1
0057 1814144.573.root 1 1 1 1 1 1
0057 1814144.576.root 1 1 1 1 1 1
0057 1814144.58.root 1 1 1 1 1 1
0057 1814144.582.root 1 1 1 1 1 1
0057 1814144.583.root 1 1 1 1 1 1
0057 1814144.584.root 1 1 1 1 1 1
0058 1814144.59.root 1 1 1 1 1 1
0058 1814144.590.root 1 1 1 1 1 1
0058 1814144.591.root 1 1 1 1 1 1
0058 1814144.592.root 1 1 1 1 1 1
0058 1814144.593.root 1 1 1 1 1 1
0058 1814144.594.root 1 1 1 1 1 1
0058 1814144.595.root 1 1 1 1 1 1
0058 1814144.598.root 1 1 1 1 1 1
0058 1814144.599.root 1 1 1 1 1 1
0058 1814144.6.root 1 1 1 1 1 1
0058 1814144.60.root 1 1 1 1 1 1
0058 1814144.600.root 1 1 1 1 1 1
0058 1814144.601.root 1 1 1 1 1 1
0058 1814144.602.root 1 1 1 1 1 1
0058 1814144.603.root 1 1 1 1 1 1
0058 1814144.604.root 1 1 1 1 1 1
0058 1814144.606.root 1 1 1 1 1 1
0058 1814144.607.root 1 1 1 1 1 1
0058 1814144.608.root 1 1 1 1 1 1
0058 1814144.61.root 1 1 1 1 1 1
0059 1814144.611.root 1 1 1 1 1 1
0059 1814144.613.root 1 1 1 1 1 1
0059 1814144.618.root 1 1 1 1 1 1
0059 1814144.62.root 1 1 1 1 1 1
0059 1814144.623.root 1 1 1 1 1 1
0059 1814144.633.root 1 1 1 1 1 1
0059 1814144.638.root 1 1 1 1 1 1
0059 1814144.639.root 1 1 1 1 1 1
0059 1814144.64.root 1 1 1 1 1 1
0059 1814144.642.root 1 1 1 1 1 1
0059 1814144.648.root 1 1 1 1 1 1
0059 1814144.650.root 1 1 1 1 1 1
0059 1814144.653.root 1 1 1 1 1 1
0059 1814144.656.root 1 1 1 1 1 1
0059 1814144.657.root 1 1 1 1 1 1
0059 1814144.658.root 1 1 1 1 1 1
0059 1814144.66.root 1 1 1 1 1 1
0059 1814144.660.root 1 1 1 1 1 1
0059 1814144.661.root 1 1 1 1 1 1
0059 1814144.662.root 1 1 1 1 1 1
0060 1814144.663.root 1 1 1 1 1 1
0060 1814144.664.root 1 1 1 1 1 1
0060 1814144.665.root 1 1 1 1 1 1
0060 1814144.666.root 1 1 1 1 1 1
0060 1814144.668.root 1 1 1 1 1 1
0060 1814144.669.root 1 1 1 1 1 1
0060 1814144.670.root 1 1 1 1 1 1
0060 1814144.671.root 1 1 1 1 1 1
0060 1814144.672.root 1 1 1 1 1 1
0060 1814144.673.root 1 1 1 1 1 1
0060 1814144.674.root 1 1 1 1 1 1
0060 1814144.675.root 1 1 1 1 1 1
0060 1814144.676.root 1 1 1 1 1 1
0060 1814144.677.root 1 1 1 1 1 1
0060 1814144.678.root 1 1 1 1 1 1
0060 1814144.679.root 1 1 1 1 1 1
0060 1814144.68.root 1 1 1 1 1 1
0060 1814144.680.root 1 1 1 1 1 1
0060 1814144.682.root 1 1 1 1 1 1
0060 1814144.69.root 1 1 1 1 1 1
0061 1814144.696.root 1 1 1 1 1 1
0061 1814144.697.root 1 1 1 1 1 1
0061 1814144.7.root 1 1 1 1 1 1
0061 1814144.70.root 1 1 1 1 1 1
0061 1814144.707.root 1 1 1 1 1 1
0061 1814144.708.root 1 1 1 1 1 1
0061 1814144.709.root 1 1 1 1 1 1
0061 1814144.71.root 1 1 1 1 1 1
0061 1814144.710.root 1 1 1 1 1 1
0061 1814144.711.root 1 1 1 1 1 1
0061 1814144.712.root 1 1 1 1 1 1
0061 1814144.713.root 1 1 1 1 1 1
0061 1814144.714.root 1 1 1 1 1 1
0061 1814144.715.root 1 1 1 1 1 1
0061 1814144.717.root 1 1 1 1 1 1
0061 1814144.718.root 1 1 1 1 1 1
0061 1814144.719.root 1 1 1 1 1 1
0061 1814144.72.root 1 1 1 1 1 1
0061 1814144.720.root 1 1 1 1 1 1
0061 1814144.722.root 1 1 1 1 1 1
0062 1814144.723.root 1 1 1 1 1 1
0062 1814144.724.root 1 1 1 1 1 1
0062 1814144.725.root 1 1 1 1 1 1
0062 1814144.726.root 1 1 1 1 1 1
0062 1814144.728.root 1 1 1 1 1 1
0062 1814144.729.root 1 1 1 1 1 1
0062 1814144.73.root 1 1 1 1 1 1
0062 1814144.730.root 1 1 1 1 1 1
0062 1814144.731.root 1 1 1 1 1 1
0062 1814144.732.root 1 1 1 1 1 1
0062 1814144.733.root 1 1 1 1 1 1
0062 1814144.734.root 1 1 1 1 1 1
0062 1814144.735.root 1 1 1 1 1 1
0062 1814144.736.root 1 1 1 1 1 1
0062 1814144.737.root 1 1 1 1 1 1
0062 1814144.738.root 1 1 1 1 1 1
0062 1814144.740.root 1 1 1 1 1 1
0062 1814144.741.root 1 1 1 1 1 1
0062 1814144.742.root 1 1 1 1 1 1
0062 1814144.743.root 1 1 1 1 1 1
0063 1814144.744.root 1 1 1 1 1 1
0063 1814144.745.root 1 1 1 1 1 1
0063 1814144.746.root 1 1 1 1 1 1
0063 1814144.747.root 1 1 1 1 1 1
0063 1814144.748.root 1 1 1 1 1 1
0063 1814144.749.root 1 1 1 1 1 1
0063 1814144.75.root 1 1 1 1 1 1
0063 1814144.750.root 1 1 1 1 1 1
0063 1814144.752.root 1 1 1 1 1 1
0063 1814144.753.root 1 1 1 1 1 1
0063 1814144.755.root 1 1 1 1 1 1
0063 1814144.756.root 1 1 1 1 1 1
0063 1814144.757.root 1 1 1 1 1 1
0063 1814144.758.root 1 1 1 1 1 1
0063 1814144.76.root 1 1 1 1 1 1
0063 1814144.760.root 1 1 1 1 1 1
0063 1814144.761.root 1 1 1 1 1 1
0063 1814144.762.root 1 1 1 1 1 1
0063 1814144.763.root 1 1 1 1 1 1
0063 1814144.764.root 1 1 1 1 1 1
0064 1814144.765.root 1 1 1 1 1 1
0064 1814144.766.root 1 1 1 1 1 1
0064 1814144.767.root 1 1 1 1 1 1
0064 1814144.768.root 1 1 1 1 1 1
0064 1814144.77.root 1 1 1 1 1 1
0064 1814144.770.root 1 1 1 1 1 1
0064 1814144.771.root 1 1 1 1 1 1
0064 1814144.772.root 1 1 1 1 1 1
0064 1814144.773.root 1 1 1 1 1 1
0064 1814144.774.root 1 1 1 1 1 1
0064 1814144.776.root 1 1 1 1 1 1
0064 1814144.777.root 1 1 1 1 1 1
0064 1814144.778.root 1 1 1 1 1 1
0064 1814144.78.root 1 1 1 1 1 1
0064 1814144.780.root 1 1 1 1 1 1
0064 1814144.781.root 1 1 1 1 1 1
0064 1814144.782.root 1 1 1 1 1 1
0064 1814144.783.root 1 1 1 1 1 1
0064 1814144.784.root 1 1 1 1 1 1
0064 1814144.785.root 1 1 1 1 1 1
0065 1814144.786.root 1 1 1 1 1 1
0065 1814144.787.root 1 1 1 1 1 1
0065 1814144.788.root 1 1 1 1 1 1
0065 1814144.789.root 1 1 1 1 1 1
0065 1814144.79.root 1 1 1 1 1 1
0065 1814144.790.root 1 1 1 1 1 1
0065 1814144.791.root 1 1 1 1 1 1
0065 1814144.792.root 1 1 1 1 1 1
0065 1814144.793.root 1 1 1 1 1 1
0065 1814144.794.root 1 1 1 1 1 1
0065 1814144.795.root 1 1 1 1 1 1
0065 1814144.796.root 1 1 1 1 1 1
0065 1814144.798.root 1 1 1 1 1 1
0065 1814144.799.root 1 1 1 1 1 1
0065 1814144.8.root 1 1 1 1 1 1
0065 1814144.802.root 1 1 1 1 1 1
0065 1814144.803.root 1 1 1 1 1 1
0065 1814144.804.root 1 1 1 1 1 1
0065 1814144.806.root 1 1 1 1 1 1
0065 1814144.807.root 1 1 1 1 1 1
0066 1814144.808.root 1 1 1 1 1 1
0066 1814144.809.root 1 1 1 1 1 1
0066 1814144.81.root 1 1 1 1 1 1
0066 1814144.810.root 1 1 1 1 1 1
0066 1814144.811.root 1 1 1 1 1 1
0066 1814144.812.root 1 1 1 1 1 1
0066 1814144.813.root 1 1 1 1 1 1
0066 1814144.814.root 1 1 1 1 1 1
0066 1814144.818.root 1 1 1 1 1 1
0066 1814144.82.root 1 1 1 1 1 1
0066 1814144.820.root 1 1 1 1 1 1
0066 1814144.821.root 1 1 1 1 1 1
0066 1814144.822.root 1 1 1 1 1 1
0066 1814144.823.root 1 1 1 1 1 1
0066 1814144.827.root 1 1 1 1 1 1
0066 1814144.828.root 1 1 1 1 1 1
0066 1814144.829.root 1 1 1 1 1 1
0066 1814144.83.root 1 1 1 1 1 1
0066 1814144.830.root 1 1 1 1 1 1
0066 1814144.831.root 1 1 1 1 1 1
0067 1814144.832.root 1 1 1 1 1 1
0067 1814144.833.root 1 1 1 1 1 1
0067 1814144.834.root 1 1 1 1 1 1
0067 1814144.835.root 1 1 1 1 1 1
0067 1814144.836.root 1 1 1 1 1 1
0067 1814144.837.root 1 1 1 1 1 1
0067 1814144.838.root 1 1 1 1 1 1
0067 1814144.84.root 1 1 1 1 1 1
0067 1814144.845.root 1 1 1 1 1 1
0067 1814144.85.root 1 1 1 1 1 1
0067 1814144.854.root 1 1 1 1 1 1
0067 1814144.858.root 1 1 1 1 1 1
0067 1814144.86.root 1 1 1 1 1 1
0067 1814144.861.root 1 1 1 1 1 1
0067 1814144.862.root 1 1 1 1 1 1
0067 1814144.864.root 1 1 1 1 1 1
0067 1814144.866.root 1 1 1 1 1 1
0067 1814144.867.root 1 1 1 1 1 1
0067 1814144.868.root 1 1 1 1 1 1
0067 1814144.869.root 1 1 1 1 1 1
0068 1814144.87.root 1 1 1 1 1 1
0068 1814144.870.root 1 1 1 1 1 1
0068 1814144.871.root 1 1 1 1 1 1
0068 1814144.872.root 1 1 1 1 1 1
0068 1814144.873.root 1 1 1 1 1 1
0068 1814144.874.root 1 1 1 1 1 1
0068 1814144.875.root 1 1 1 1 1 1
0068 1814144.876.root 1 1 1 1 1 1
0068 1814144.877.root 1 1 1 1 1 1
0068 1814144.878.root 1 1 1 1 1 1
0068 1814144.879.root 1 1 1 1 1 1
0068 1814144.88.root 1 1 1 1 1 1
0068 1814144.880.root 1 1 1 1 1 1
0068 1814144.881.root 1 1 1 1 1 1
0068 1814144.882.root 1 1 1 1 1 1
0068 1814144.884.root 1 1 1 1 1 1
0068 1814144.885.root 1 1 1 1 1 1
0068 1814144.886.root 1 1 1 1 1 1
0068 1814144.887.root 1 1 1 1 1 1
0068 1814144.888.root 1 1 1 1 1 1
0069 1814144.89.root 1 1 1 1 1 1
0069 1814144.898.root 1 1 1 1 1 1
0069 1814144.899.root 1 1 1 1 1 1
0069 1814144.9.root 1 1 1 1 1 1
0069 1814144.90.root 1 1 1 1 1 1
0069 1814144.901.root 1 1 1 1 1 1
0069 1814144.904.root 1 1 1 1 1 1
0069 1814144.905.root 1 1 1 1 1 1
0069 1814144.906.root 1 1 1 1 1 1
0069 1814144.907.root 1 1 1 1 1 1
0069 1814144.908.root 1 1 1 1 1 1
0069 1814144.91.root 1 1 1 1 1 1
0069 1814144.911.root 1 1 1 1 1 1
0069 1814144.912.root 1 1 1 1 1 1
0069 1814144.913.root 1 1 1 1 1 1
0069 1814144.914.root 1 1 1 1 1 1
0069 1814144.916.root 1 1 1 1 1 1
0069 1814144.917.root 1 1 1 1 1 1
0069 1814144.918.root 1 1 1 1 1 1
0069 1814144.919.root 1 1 1 1 1 1
0070 1814144.92.root 1 1 1 1 1 1
0070 1814144.922.root 1 1 1 1 1 1
0070 1814144.923.root 1 1 1 1 1 1
0070 1814144.924.root 1 1 1 1 1 1
0070 1814144.925.root 1 1 1 1 1 1
0070 1814144.926.root 1 1 1 1 1 1
0070 1814144.927.root 1 1 1 1 1 1
0070 1814144.928.root 1 1 1 1 1 1
0070 1814144.929.root 1 1 1 1 1 1
0070 1814144.93.root 1 1 1 1 1 1
0070 1814144.930.root 1 1 1 1 1 1
0070 1814144.931.root 1 1 1 1 1 1
0070 1814144.932.root 1 1 1 1 1 1
0070 1814144.933.root 1 1 1 1 1 1
0070 1814144.935.root 1 1 1 1 1 1
0070 1814144.936.root 1 1 1 1 1 1
0070 1814144.937.root 1 1 1 1 1 1
0070 1814144.938.root 1 1 1 1 1 1
0070 1814144.94.root 1 1 1 1 1 1
0070 1814144.940.root 1 1 1 1 1 1
0071 1814144.947.root 1 1 1 1 1 1
0071 1814144.949.root 1 1 1 1 1 1
0071 1814144.95.root 1 1 1 1 1 1
0071 1814144.952.root 1 1 1 1 1 1
0071 1814144.953.root 1 1 1 1 1 1
0071 1814144.954.root 1 1 1 1 1 1
0071 1814144.955.root 1 1 1 1 1 1
0071 1814144.956.root 1 1 1 1 1 1
0071 1814144.957.root 1 1 1 1 1 1
0071 1814144.958.root 1 1 1 1 1 1
0071 1814144.959.root 1 1 1 1 1 1
0071 1814144.96.root 1 1 1 1 1 1
0071 1814144.960.root 1 1 1 1 1 1
0071 1814144.961.root 1 1 1 1 1 1
0071 1814144.962.root 1 1 1 1 1 1
0071 1814144.963.root 1 1 1 1 1 1
0071 1814144.964.root 1 1 1 1 1 1
0071 1814144.965.root 1 1 1 1 1 1
0071 1814144.967.root 1 1 1 1 1 1
0071 1814144.968.root 1 1 1 1 1 1
0072 1814144.97.root 1 1 1 1 1 1
0072 1814144.970.root 1 1 1 1 1 1
0072 1814144.971.root 1 1 1 1 1 1
0072 1814144.972.root 1 1 1 1 1 1
0072 1814144.973.root 1 1 1 1 1 1
0072 1814144.975.root 1 1 1 1 1 1
0072 1814144.976.root 1 1 1 1 1 1
0072 1814144.977.root 1 1 1 1 1 1
0072 1814144.978.root 1 1 1 1 1 1
0072 1814144.98.root 1 1 1 1 1 1
0072 1814144.980.root 1 1 1 1 1 1
0072 1814144.982.root 1 1 1 1 1 1
0072 1814144.984.root 1 1 1 1 1 1
0072 1814144.985.root 1 1 1 1 1 1
0072 1814144.986.root 1 1 1 1 1 1
0072 1814144.988.root 1 1 1 1 1 1
0072 1814144.989.root 1 1 1 1 1 1
0072 1814144.99.root 1 1 1 1 1 1
0072 1814144.990.root 1 1 1 1 1 1
0072 1814144.991.root 1 1 1 1 1 1
0073 1814144.992.root 1 1 1 1 1 1
0073 1814144.993.root 1 1 1 1 1 1
0073 1814144.994.root 1 1 1 1 1 1
0073 1814144.995.root 1 1 1 1 1 1
0073 1814144.996.root 1 1 1 1 1 1
0073 1814144.997.root 1 1 1 1 1 1
0073 1814144.998.root 1 1 1 1 1 1
0073 1814144.999.root 1 1 1 1 1 1
0073 1814145.0.root 1 1 1 1 1 1
0073 1814145.10.root 1 1 1 1 1 1
0073 1814145.100.root 1 1 1 1 1 1
0073 1814145.101.root 1 1 1 1 1 1
0073 1814145.102.root 1 1 1 1 1 1
0073 1814145.103.root 1 1 1 1 1 1
0073 1814145.104.root 1 1 1 1 1 1
0073 1814145.105.root 1 1 1 1 1 1
0073 1814145.107.root 1 1 1 1 1 1
0073 1814145.108.root 1 1 1 1 1 1
0073 1814145.109.root 1 1 1 1 1 1
0073 1814145.11.root 1 1 1 1 1 1
0074 1814145.110.root 1 1 1 1 1 1
0074 1814145.111.root 1 1 1 1 1 1
0074 1814145.112.root 1 1 1 1 1 1
0074 1814145.113.root 1 1 1 1 1 1
0074 1814145.114.root 1 1 1 1 1 1
0074 1814145.115.root 1 1 1 1 1 1
0074 1814145.116.root 1 1 1 1 1 1
0074 1814145.117.root 1 1 1 1 1 1
0074 1814145.118.root 1 1 1 1 1 1
0074 1814145.119.root 1 1 1 1 1 1
0074 1814145.12.root 1 1 1 1 1 1
0074 1814145.120.root 1 1 1 1 1 1
0074 1814145.121.root 1 1 1 1 1 1
0074 1814145.122.root 1 1 1 1 1 1
0074 1814145.129.root 1 1 1 1 1 1
0074 1814145.13.root 1 1 1 1 1 1
0074 1814145.130.root 1 1 1 1 1 1
0074 1814145.132.root 1 1 1 1 1 1
0074 1814145.133.root 1 1 1 1 1 1
0074 1814145.134.root 1 1 1 1 1 1
0075 1814145.136.root 1 1 1 1 1 1
0075 1814145.137.root 1 1 1 1 1 1
0075 1814145.14.root 1 1 1 1 1 1
0075 1814145.142.root 1 1 1 1 1 1
0075 1814145.143.root 1 1 1 1 1 1
0075 1814145.144.root 1 1 1 1 1 1
0075 1814145.146.root 1 1 1 1 1 1
0075 1814145.147.root 1 1 1 1 1 1
0075 1814145.148.root 1 1 1 1 1 1
0075 1814145.149.root 1 1 1 1 1 1
0075 1814145.15.root 1 1 1 1 1 1
0075 1814145.150.root 1 1 1 1 1 1
0075 1814145.151.root 1 1 1 1 1 1
0075 1814145.153.root 1 1 1 1 1 1
0075 1814145.154.root 1 1 1 1 1 1
0075 1814145.156.root 1 1 1 1 1 1
0075 1814145.157.root 1 1 1 1 1 1
0075 1814145.158.root 1 1 1 1 1 1
0075 1814145.159.root 1 1 1 1 1 1
0075 1814145.16.root 1 1 1 1 1 1
0076 1814145.161.root 1 1 1 1 1 1
0076 1814145.162.root 1 1 1 1 1 1
0076 1814145.163.root 1 1 1 1 1 1
0076 1814145.164.root 1 1 1 1 1 1
0076 1814145.165.root 1 1 1 1 1 1
0076 1814145.166.root 1 1 1 1 1 1
0076 1814145.167.root 1 1 1 1 1 1
0076 1814145.168.root 1 1 1 1 1 1
0076 1814145.169.root 1 1 1 1 1 1
0076 1814145.170.root 1 1 1 1 1 1
0076 1814145.171.root 1 1 1 1 1 1
0076 1814145.172.root 1 1 1 1 1 1
0076 1814145.173.root 1 1 1 1 1 1
0076 1814145.174.root 1 1 1 1 1 1
0076 1814145.175.root 1 1 1 1 1 1
0076 1814145.176.root 1 1 1 1 1 1
0076 1814145.177.root 1 1 1 1 1 1
0076 1814145.178.root 1 1 1 1 1 1
0076 1814145.179.root 1 1 1 1 1 1
0076 1814145.180.root 1 1 1 1 1 1
0077 1814145.181.root 1 1 1 1 1 1
0077 1814145.182.root 1 1 1 1 1 1
0077 1814145.183.root 1 1 1 1 1 1
0077 1814145.184.root 1 1 1 1 1 1
0077 1814145.186.root 1 1 1 1 1 1
0077 1814145.187.root 1 1 1 1 1 1
0077 1814145.188.root 1 1 1 1 1 1
0077 1814145.189.root 1 1 1 1 1 1
0077 1814145.19.root 1 1 1 1 1 1
0077 1814145.190.root 1 1 1 1 1 1
0077 1814145.191.root 1 1 1 1 1 1
0077 1814145.192.root 1 1 1 1 1 1
0077 1814145.193.root 1 1 1 1 1 1
0077 1814145.194.root 1 1 1 1 1 1
0077 1814145.195.root 1 1 1 1 1 1
0077 1814145.196.root 1 1 1 1 1 1
0077 1814145.197.root 1 1 1 1 1 1
0077 1814145.198.root 1 1 1 1 1 1
0077 1814145.199.root 1 1 1 1 1 1
0077 1814145.2.root 1 1 1 1 1 1
0078 1814145.200.root 1 1 1 1 1 1
0078 1814145.201.root 1 1 1 1 1 1
0078 1814145.202.root 1 1 1 1 1 1
0078 1814145.203.root 1 1 1 1 1 1
0078 1814145.204.root 1 1 1 1 1 1
0078 1814145.205.root 1 1 1 1 1 1
0078 1814145.207.root 1 1 1 1 1 1
0078 1814145.208.root 1 1 1 1 1 1
0078 1814145.209.root 1 1 1 1 1 1
0078 1814145.21.root 1 1 1 1 1 1
0078 1814145.210.root 1 1 1 1 1 1
0078 1814145.211.root 1 1 1 1 1 1
0078 1814145.212.root 1 1 1 1 1 1
0078 1814145.213.root 1 1 1 1 1 1
0078 1814145.214.root 1 1 1 1 1 1
0078 1814145.215.root 1 1 1 1 1 1
0078 1814145.216.root 1 1 1 1 1 1
0078 1814145.217.root 1 1 1 1 1 1
0078 1814145.218.root 1 1 1 1 1 1
0078 1814145.219.root 1 1 1 1 1 1
0079 1814145.22.root 1 1 1 1 1 1
0079 1814145.220.root 1 1 1 1 1 1
0079 1814145.221.root 1 1 1 1 1 1
0079 1814145.222.root 1 1 1 1 1 1
0079 1814145.223.root 1 1 1 1 1 1
0079 1814145.224.root 1 1 1 1 1 1
0079 1814145.225.root 1 1 1 1 1 1
0079 1814145.226.root 1 1 1 1 1 1
0079 1814145.228.root 1 1 1 1 1 1
0079 1814145.229.root 1 1 1 1 1 1
0079 1814145.23.root 1 1 1 1 1 1
0079 1814145.230.root 1 1 1 1 1 1
0079 1814145.231.root 1 1 1 1 1 1
0079 1814145.232.root 1 1 1 1 1 1
0079 1814145.233.root 1 1 1 1 1 1
0079 1814145.234.root 1 1 1 1 1 1
0079 1814145.235.root 1 1 1 1 1 1
0079 1814145.236.root 1 1 1 1 1 1
0079 1814145.237.root 1 1 1 1 1 1
0079 1814145.238.root 1 1 1 1 1 1
0080 1814145.239.root 1 1 1 1 1 1
0080 1814145.24.root 1 1 1 1 1 1
0080 1814145.240.root 1 1 1 1 1 1
0080 1814145.241.root 1 1 1 1 1 1
0080 1814145.242.root 1 1 1 1 1 1
0080 1814145.243.root 1 1 1 1 1 1
0080 1814145.244.root 1 1 1 1 1 1
0080 1814145.245.root 1 1 1 1 1 1
0080 1814145.246.root 1 1 1 1 1 1
0080 1814145.248.root 1 1 1 1 1 1
0080 1814145.249.root 1 1 1 1 1 1
0080 1814145.25.root 1 1 1 1 1 1
0080 1814145.250.root 1 1 1 1 1 1
0080 1814145.251.root 1 1 1 1 1 1
0080 1814145.252.root 1 1 1 1 1 1
0080 1814145.253.root 1 1 1 1 1 1
0080 1814145.254.root 1 1 1 1 1 1
0080 1814145.255.root 1 1 1 1 1 1
0080 1814145.256.root 1 1 1 1 1 1
0080 1814145.257.root 1 1 1 1 1 1
0081 1814145.258.root 1 1 1 1 1 1
0081 1814145.259.root 1 1 1 1 1 1
0081 1814145.26.root 1 1 1 1 1 1
0081 1814145.260.root 1 1 1 1 1 1
0081 1814145.261.root 1 1 1 1 1 1
0081 1814145.262.root 1 1 1 1 1 1
0081 1814145.263.root 1 1 1 1 1 1
0081 1814145.264.root 1 1 1 1 1 1
0081 1814145.265.root 1 1 1 1 1 1
0081 1814145.266.root 1 1 1 1 1 1
0081 1814145.267.root 1 1 1 1 1 1
0081 1814145.268.root 1 1 1 1 1 1
0081 1814145.269.root 1 1 1 1 1 1
0081 1814145.27.root 1 1 1 1 1 1
0081 1814145.270.root 1 1 1 1 1 1
0081 1814145.28.root 1 1 1 1 1 1
0081 1814145.294.root 1 1 1 1 1 1
0081 1814145.295.root 1 1 1 1 1 1
0081 1814145.296.root 1 1 1 1 1 1
0081 1814145.297.root 1 1 1 1 1 1
0082 1814145.298.root 1 1 1 1 1 1
0082 1814145.299.root 1 1 1 1 1 1
0082 1814145.3.root 1 1 1 1 1 1
0082 1814145.30.root 1 1 1 1 1 1
0082 1814145.300.root 1 1 1 1 1 1
0082 1814145.301.root 1 1 1 1 1 1
0082 1814145.302.root 1 1 1 1 1 1
0082 1814145.303.root 1 1 1 1 1 1
0082 1814145.304.root 1 1 1 1 1 1
0082 1814145.305.root 1 1 1 1 1 1
0082 1814145.31.root 1 1 1 1 1 1
0082 1814145.32.root 1 1 1 1 1 1
0082 1814145.321.root 1 1 1 1 1 1
0082 1814145.322.root 1 1 1 1 1 1
0082 1814145.323.root 1 1 1 1 1 1
0082 1814145.328.root 1 1 1 1 1 1
0082 1814145.33.root 1 1 1 1 1 1
0082 1814145.339.root 1 1 1 1 1 1
0082 1814145.34.root 1 1 1 1 1 1
0082 1814145.340.root 1 1 1 1 1 1
0083 1814145.341.root 1 1 1 1 1 1
0083 1814145.342.root 1 1 1 1 1 1
0083 1814145.343.root 1 1 1 1 1 1
0083 1814145.344.root 1 1 1 1 1 1
0083 1814145.345.root 1 1 1 1 1 1
0083 1814145.346.root 1 1 1 1 1 1
0083 1814145.347.root 1 1 1 1 1 1
0083 1814145.348.root 1 1 1 1 1 1
0083 1814145.349.root 1 1 1 1 1 1
0083 1814145.35.root 1 1 1 1 1 1
0083 1814145.350.root 1 1 1 1 1 1
0083 1814145.351.root 1 1 1 1 1 1
0083 1814145.352.root 1 1 1 1 1 1
0083 1814145.353.root 1 1 1 1 1 1
0083 1814145.354.root 1 1 1 1 1 1
0083 1814145.355.root 1 1 1 1 1 1
0083 1814145.356.root 1 1 1 1 1 1
0083 1814145.357.root 1 1 1 1 1 1
0083 1814145.358.root 1 1 1 1 1 1
0083 1814145.359.root 1 1 1 1 1 1
0084 1814145.36.root 1 1 1 1 1 1
0084 1814145.360.root 1 1 1 1 1 1
0084 1814145.361.root 1 1 1 1 1 1
0084 1814145.362.root 1 1 1 1 1 1
0084 1814145.37.root 1 1 1 1 1 1
0084 1814145.381.root 1 1 1 1 1 1
0084 1814145.393.root 1 1 1 1 1 1
0084 1814145.394.root 1 1 1 1 1 1
0084 1814145.395.root 1 1 1 1 1 1
0084 1814145.396.root 1 1 1 1 1 1
0084 1814145.397.root 1 1 1 1 1 1
0084 1814145.398.root 1 1 1 1 1 1
0084 1814145.399.root 1 1 1 1 1 1
0084 1814145.4.root 1 1 1 1 1 1
0084 1814145.400.root 1 1 1 1 1 1
0084 1814145.401.root 1 1 1 1 1 1
0084 1814145.404.root 1 1 1 1 1 1
0084 1814145.405.root 1 1 1 1 1 1
0084 1814145.406.root 1 1 1 1 1 1
0084 1814145.407.root 1 1 1 1 1 1
0085 1814145.408.root 1 1 1 1 1 1
0085 1814145.409.root 1 1 1 1 1 1
0085 1814145.410.root 1 1 1 1 1 1
0085 1814145.411.root 1 1 1 1 1 1
0085 1814145.412.root 1 1 1 1 1 1
0085 1814145.413.root 1 1 1 1 1 1
0085 1814145.414.root 1 1 1 1 1 1
0085 1814145.415.root 1 1 1 1 1 1
0085 1814145.417.root 1 1 1 1 1 1
0085 1814145.419.root 1 1 1 1 1 1
0085 1814145.42.root 1 1 1 1 1 1
0085 1814145.421.root 1 1 1 1 1 1
0085 1814145.422.root 1 1 1 1 1 1
0085 1814145.423.root 1 1 1 1 1 1
0085 1814145.424.root 1 1 1 1 1 1
0085 1814145.425.root 1 1 1 1 1 1
0085 1814145.427.root 1 1 1 1 1 1
0085 1814145.429.root 1 1 1 1 1 1
0085 1814145.431.root 1 1 1 1 1 1
0085 1814145.433.root 1 1 1 1 1 1
0086 1814145.436.root 1 1 1 1 1 1
0086 1814145.44.root 1 1 1 1 1 1
0086 1814145.440.root 1 1 1 1 1 1
0086 1814145.441.root 1 1 1 1 1 1
0086 1814145.448.root 1 1 1 1 1 1
0086 1814145.45.root 1 1 1 1 1 1
0086 1814145.450.root 1 1 1 1 1 1
0086 1814145.452.root 1 1 1 1 1 1
0086 1814145.456.root 1 1 1 1 1 1
0086 1814145.457.root 1 1 1 1 1 1
0086 1814145.459.root 1 1 1 1 1 1
0086 1814145.46.root 1 1 1 1 1 1
0086 1814145.460.root 1 1 1 1 1 1
0086 1814145.461.root 1 1 1 1 1 1
0086 1814145.464.root 1 1 1 1 1 1
0086 1814145.47.root 1 1 1 1 1 1
0086 1814145.470.root 1 1 1 1 1 1
0086 1814145.478.root 1 1 1 1 1 1
0086 1814145.479.root 1 1 1 1 1 1
0086 1814145.48.root 1 1 1 1 1 1
0087 1814145.480.root 1 1 1 1 1 1
0087 1814145.481.root 1 1 1 1 1 1
0087 1814145.482.root 1 1 1 1 1 1
0087 1814145.483.root 1 1 1 1 1 1
0087 1814145.484.root 1 1 1 1 1 1
0087 1814145.488.root 1 1 1 1 1 1
0087 1814145.489.root 1 1 1 1 1 1
0087 1814145.49.root 1 1 1 1 1 1
0087 1814145.494.root 1 1 1 1 1 1
0087 1814145.495.root 1 1 1 1 1 1
0087 1814145.496.root 1 1 1 1 1 1
0087 1814145.499.root 1 1 1 1 1 1
0087 1814145.5.root 1 1 1 1 1 1
0087 1814145.50.root 1 1 1 1 1 1
0087 1814145.500.root 1 1 1 1 1 1
0087 1814145.501.root 1 1 1 1 1 1
0087 1814145.505.root 1 1 1 1 1 1
0087 1814145.506.root 1 1 1 1 1 1
0087 1814145.507.root 1 1 1 1 1 1
0087 1814145.509.root 1 1 1 1 1 1
0088 1814145.51.root 1 1 1 1 1 1
0088 1814145.510.root 1 1 1 1 1 1
0088 1814145.515.root 1 1 1 1 1 1
0088 1814145.517.root 1 1 1 1 1 1
0088 1814145.518.root 1 1 1 1 1 1
0088 1814145.519.root 1 1 1 1 1 1
0088 1814145.52.root 1 1 1 1 1 1
0088 1814145.520.root 1 1 1 1 1 1
0088 1814145.521.root 1 1 1 1 1 1
0088 1814145.523.root 1 1 1 1 1 1
0088 1814145.524.root 1 1 1 1 1 1
0088 1814145.525.root 1 1 1 1 1 1
0088 1814145.527.root 1 1 1 1 1 1
0088 1814145.528.root 1 1 1 1 1 1
0088 1814145.529.root 1 1 1 1 1 1
0088 1814145.530.root 1 1 1 1 1 1
0088 1814145.532.root 1 1 1 1 1 1
0088 1814145.533.root 1 1 1 1 1 1
0088 1814145.534.root 1 1 1 1 1 1
0088 1814145.535.root 1 1 1 1 1 1
0089 1814145.536.root 1 1 1 1 1 1
0089 1814145.537.root 1 1 1 1 1 1
0089 1814145.539.root 1 1 1 1 1 1
0089 1814145.54.root 1 1 1 1 1 1
0089 1814145.542.root 1 1 1 1 1 1
0089 1814145.545.root 1 1 1 1 1 1
0089 1814145.546.root 1 1 1 1 1 1
0089 1814145.549.root 1 1 1 1 1 1
0089 1814145.55.root 1 1 1 1 1 1
0089 1814145.552.root 1 1 1 1 1 1
0089 1814145.555.root 1 1 1 1 1 1
0089 1814145.556.root 1 1 1 1 1 1
0089 1814145.557.root 1 1 1 1 1 1
0089 1814145.558.root 1 1 1 1 1 1
0089 1814145.560.root 1 1 1 1 1 1
0089 1814145.561.root 1 1 1 1 1 1
0089 1814145.563.root 1 1 1 1 1 1
0089 1814145.564.root 1 1 1 1 1 1
0089 1814145.567.root 1 1 1 1 1 1
0089 1814145.568.root 1 1 1 1 1 1
0090 1814145.570.root 1 1 1 1 1 1
0090 1814145.571.root 1 1 1 1 1 1
0090 1814145.572.root 1 1 1 1 1 1
0090 1814145.573.root 1 1 1 1 1 1
0090 1814145.575.root 1 1 1 1 1 1
0090 1814145.577.root 1 1 1 1 1 1
0090 1814145.578.root 1 1 1 1 1 1
0090 1814145.579.root 1 1 1 1 1 1
0090 1814145.58.root 1 1 1 1 1 1
0090 1814145.580.root 1 1 1 1 1 1
0090 1814145.581.root 1 1 1 1 1 1
0090 1814145.586.root 1 1 1 1 1 1
0090 1814145.589.root 1 1 1 1 1 1
0090 1814145.591.root 1 1 1 1 1 1
0090 1814145.595.root 1 1 1 1 1 1
0090 1814145.597.root 1 1 1 1 1 1
0090 1814145.6.root 1 1 1 1 1 1
0090 1814145.60.root 1 1 1 1 1 1
0090 1814145.600.root 1 1 1 1 1 1
0090 1814145.601.root 1 1 1 1 1 1
0091 1814145.602.root 1 1 1 1 1 1
0091 1814145.603.root 1 1 1 1 1 1
0091 1814145.605.root 1 1 1 1 1 1
0091 1814145.606.root 1 1 1 1 1 1
0091 1814145.609.root 1 1 1 1 1 1
0091 1814145.610.root 1 1 1 1 1 1
0091 1814145.611.root 1 1 1 1 1 1
0091 1814145.612.root 1 1 1 1 1 1
0091 1814145.613.root 1 1 1 1 1 1
0091 1814145.614.root 1 1 1 1 1 1
0091 1814145.617.root 1 1 1 1 1 1
0091 1814145.618.root 1 1 1 1 1 1
0091 1814145.619.root 1 1 1 1 1 1
0091 1814145.62.root 1 1 1 1 1 1
0091 1814145.621.root 1 1 1 1 1 1
0091 1814145.622.root 1 1 1 1 1 1
0091 1814145.623.root 1 1 1 1 1 1
0091 1814145.624.root 1 1 1 1 1 1
0091 1814145.625.root 1 1 1 1 1 1
0091 1814145.627.root 1 1 1 1 1 1
0092 1814145.629.root 1 1 1 1 1 1
0092 1814145.63.root 1 1 1 1 1 1
0092 1814145.630.root 1 1 1 1 1 1
0092 1814145.632.root 1 1 1 1 1 1
0092 1814145.633.root 1 1 1 1 1 1
0092 1814145.635.root 1 1 1 1 1 1
0092 1814145.638.root 1 1 1 1 1 1
0092 1814145.639.root 1 1 1 1 1 1
0092 1814145.64.root 1 1 1 1 1 1
0092 1814145.640.root 1 1 1 1 1 1
0092 1814145.641.root 1 1 1 1 1 1
0092 1814145.642.root 1 1 1 1 1 1
0092 1814145.643.root 1 1 1 1 1 1
0092 1814145.644.root 1 1 1 1 1 1
0092 1814145.649.root 1 1 1 1 1 1
0092 1814145.66.root 1 1 1 1 1 1
0092 1814145.660.root 1 1 1 1 1 1
0092 1814145.661.root 1 1 1 1 1 1
0092 1814145.662.root 1 1 1 1 1 1
0092 1814145.663.root 1 1 1 1 1 1
0093 1814145.664.root 1 1 1 1 1 1
0093 1814145.665.root 1 1 1 1 1 1
0093 1814145.666.root 1 1 1 1 1 1
0093 1814145.667.root 1 1 1 1 1 1
0093 1814145.68.root 1 1 1 1 1 1
0093 1814145.683.root 1 1 1 1 1 1
0093 1814145.684.root 1 1 1 1 1 1
0093 1814145.685.root 1 1 1 1 1 1
0093 1814145.686.root 1 1 1 1 1 1
0093 1814145.687.root 1 1 1 1 1 1
0093 1814145.688.root 1 1 1 1 1 1
0093 1814145.689.root 1 1 1 1 1 1
0093 1814145.69.root 1 1 1 1 1 1
0093 1814145.690.root 1 1 1 1 1 1
0093 1814145.691.root 1 1 1 1 1 1
0093 1814145.692.root 1 1 1 1 1 1
0093 1814145.693.root 1 1 1 1 1 1
0093 1814145.694.root 1 1 1 1 1 1
0093 1814145.695.root 1 1 1 1 1 1
0093 1814145.696.root 1 1 1 1 1 1
0094 1814145.697.root 1 1 1 1 1 1
0094 1814145.698.root 1 1 1 1 1 1
0094 1814145.699.root 1 1 1 1 1 1
0094 1814145.702.root 1 1 1 1 1 1
0094 1814145.703.root 1 1 1 1 1 1
0094 1814145.705.root 1 1 1 1 1 1
0094 1814145.706.root 1 1 1 1 1 1
0094 1814145.707.root 1 1 1 1 1 1
0094 1814145.708.root 1 1 1 1 1 1
0094 1814145.71.root 1 1 1 1 1 1
0094 1814145.712.root 1 1 1 1 1 1
0094 1814145.713.root 1 1 1 1 1 1
0094 1814145.714.root 1 1 1 1 1 1
0094 1814145.716.root 1 1 1 1 1 1
0094 1814145.717.root 1 1 1 1 1 1
0094 1814145.72.root 1 1 1 1 1 1
0094 1814145.721.root 1 1 1 1 1 1
0094 1814145.722.root 1 1 1 1 1 1
0094 1814145.723.root 1 1 1 1 1 1
0094 1814145.724.root 1 1 1 1 1 1
0095 1814145.725.root 1 1 1 1 1 1
0095 1814145.726.root 1 1 1 1 1 1
0095 1814145.727.root 1 1 1 1 1 1
0095 1814145.728.root 1 1 1 1 1 1
0095 1814145.729.root 1 1 1 1 1 1
0095 1814145.730.root 1 1 1 1 1 1
0095 1814145.731.root 1 1 1 1 1 1
0095 1814145.733.root 1 1 1 1 1 1
0095 1814145.734.root 1 1 1 1 1 1
0095 1814145.735.root 1 1 1 1 1 1
0095 1814145.736.root 1 1 1 1 1 1
0095 1814145.737.root 1 1 1 1 1 1
0095 1814145.738.root 1 1 1 1 1 1
0095 1814145.739.root 1 1 1 1 1 1
0095 1814145.74.root 1 1 1 1 1 1
0095 1814145.743.root 1 1 1 1 1 1
0095 1814145.744.root 1 1 1 1 1 1
0095 1814145.745.root 1 1 1 1 1 1
0095 1814145.746.root 1 1 1 1 1 1
0095 1814145.747.root 1 1 1 1 1 1
0096 1814145.748.root 1 1 1 1 1 1
0096 1814145.749.root 1 1 1 1 1 1
0096 1814145.75.root 1 1 1 1 1 1
0096 1814145.751.root 1 1 1 1 1 1
0096 1814145.752.root 1 1 1 1 1 1
0096 1814145.753.root 1 1 1 1 1 1
0096 1814145.754.root 1 1 1 1 1 1
0096 1814145.755.root 1 1 1 1 1 1
0096 1814145.756.root 1 1 1 1 1 1
0096 1814145.757.root 1 1 1 1 1 1
0096 1814145.758.root 1 1 1 1 1 1
0096 1814145.759.root 1 1 1 1 1 1
0096 1814145.760.root 1 1 1 1 1 1
0096 1814145.761.root 1 1 1 1 1 1
0096 1814145.762.root 1 1 1 1 1 1
0096 1814145.763.root 1 1 1 1 1 1
0096 1814145.764.root 1 1 1 1 1 1
0096 1814145.766.root 1 1 1 1 1 1
0096 1814145.767.root 1 1 1 1 1 1
0096 1814145.768.root 1 1 1 1 1 1
0097 1814145.769.root 1 1 1 1 1 1
0097 1814145.77.root 1 1 1 1 1 1
0097 1814145.771.root 1 1 1 1 1 1
0097 1814145.772.root 1 1 1 1 1 1
0097 1814145.774.root 1 1 1 1 1 1
0097 1814145.775.root 1 1 1 1 1 1
0097 1814145.777.root 1 1 1 1 1 1
0097 1814145.778.root 1 1 1 1 1 1
0097 1814145.779.root 1 1 1 1 1 1
0097 1814145.78.root 1 1 1 1 1 1
0097 1814145.780.root 1 1 1 1 1 1
0097 1814145.781.root 1 1 1 1 1 1
0097 1814145.784.root 1 1 1 1 1 1
0097 1814145.785.root 1 1 1 1 1 1
0097 1814145.786.root 1 1 1 1 1 1
0097 1814145.787.root 1 1 1 1 1 1
0097 1814145.788.root 1 1 1 1 1 1
0097 1814145.789.root 1 1 1 1 1 1
0097 1814145.790.root 1 1 1 1 1 1
0097 1814145.791.root 1 1 1 1 1 1
0098 1814145.792.root 1 1 1 1 1 1
0098 1814145.793.root 1 1 1 1 1 1
0098 1814145.794.root 1 1 1 1 1 1
0098 1814145.795.root 1 1 1 1 1 1
0098 1814145.796.root 1 1 1 1 1 1
0098 1814145.797.root 1 1 1 1 1 1
0098 1814145.798.root 1 1 1 1 1 1
0098 1814145.799.root 1 1 1 1 1 1
0098 1814145.8.root 1 1 1 1 1 1
0098 1814145.80.root 1 1 1 1 1 1
0098 1814145.801.root 1 1 1 1 1 1
0098 1814145.802.root 1 1 1 1 1 1
0098 1814145.803.root 1 1 1 1 1 1
0098 1814145.804.root 1 1 1 1 1 1
0098 1814145.806.root 1 1 1 1 1 1
0098 1814145.807.root 1 1 1 1 1 1
0098 1814145.808.root 1 1 1 1 1 1
0098 1814145.809.root 1 1 1 1 1 1
0098 1814145.810.root 1 1 1 1 1 1
0098 1814145.811.root 1 1 1 1 1 1
0099 1814145.812.root 1 1 1 1 1 1
0099 1814145.814.root 1 1 1 1 1 1
0099 1814145.816.root 1 1 1 1 1 1
0099 1814145.818.root 1 1 1 1 1 1
0099 1814145.819.root 1 1 1 1 1 1
0099 1814145.82.root 1 1 1 1 1 1
0099 1814145.820.root 1 1 1 1 1 1
0099 1814145.821.root 1 1 1 1 1 1
0099 1814145.822.root 1 1 1 1 1 1
0099 1814145.823.root 1 1 1 1 1 1
0099 1814145.825.root 1 1 1 1 1 1
0099 1814145.826.root 1 1 1 1 1 1
0099 1814145.827.root 1 1 1 1 1 1
0099 1814145.828.root 1 1 1 1 1 1
0099 1814145.829.root 1 1 1 1 1 1
0099 1814145.830.root 1 1 1 1 1 1
0099 1814145.831.root 1 1 1 1 1 1
0099 1814145.832.root 1 1 1 1 1 1
0099 1814145.833.root 1 1 1 1 1 1
0099 1814145.834.root 1 1 1 1 1 1
0100 1814145.836.root 1 1 1 1 1 1
0100 1814145.837.root 1 1 1 1 1 1
0100 1814145.838.root 1 1 1 1 1 1
0100 1814145.840.root 1 1 1 1 1 1
0100 1814145.841.root 1 1 1 1 1 1
0100 1814145.843.root 1 1 1 1 1 1
0100 1814145.844.root 1 1 1 1 1 1
0100 1814145.846.root 1 1 1 1 1 1
0100 1814145.847.root 1 1 1 1 1 1
0100 1814145.848.root 1 1 1 1 1 1
0100 1814145.85.root 1 1 1 1 1 1
0100 1814145.850.root 1 1 1 1 1 1
0100 1814145.851.root 1 1 1 1 1 1
0100 1814145.852.root 1 1 1 1 1 1
0100 1814145.853.root 1 1 1 1 1 1
0100 1814145.856.root 1 1 1 1 1 1
0100 1814145.857.root 1 1 1 1 1 1
0100 1814145.858.root 1 1 1 1 1 1
0100 1814145.86.root 1 1 1 1 1 1
0100 1814145.860.root 1 1 1 1 1 1
0101 1814145.861.root 1 1 1 1 1 1
0101 1814145.862.root 1 1 1 1 1 1
0101 1814145.865.root 1 1 1 1 1 1
0101 1814145.866.root 1 1 1 1 1 1
0101 1814145.867.root 1 1 1 1 1 1
0101 1814145.869.root 1 1 1 1 1 1
0101 1814145.870.root 1 1 1 1 1 1
0101 1814145.871.root 1 1 1 1 1 1
0101 1814145.872.root 1 1 1 1 1 1
0101 1814145.877.root 1 1 1 1 1 1
0101 1814145.88.root 1 1 1 1 1 1
0101 1814145.9.root 1 1 1 1 1 1
0101 1814145.90.root 1 1 1 1 1 1
0101 1814145.91.root 1 1 1 1 1 1
0101 1814145.911.root 1 1 1 1 1 1
0101 1814145.912.root 1 1 1 1 1 1
0101 1814145.913.root 1 1 1 1 1 1
0101 1814145.914.root 1 1 1 1 1 1
0101 1814145.915.root 1 1 1 1 1 1
0101 1814145.916.root 1 1 1 1 1 1
0102 1814145.917.root 1 1 1 1 1 1
0102 1814145.918.root 1 1 1 1 1 1
0102 1814145.919.root 1 1 1 1 1 1
0102 1814145.92.root 1 1 1 1 1 1
0102 1814145.920.root 1 1 1 1 1 1
0102 1814145.921.root 1 1 1 1 1 1
0102 1814145.922.root 1 1 1 1 1 1
0102 1814145.923.root 1 1 1 1 1 1
0102 1814145.924.root 1 1 1 1 1 1
0102 1814145.925.root 1 1 1 1 1 1
0102 1814145.926.root 1 1 1 1 1 1
0102 1814145.927.root 1 1 1 1 1 1
0102 1814145.932.root 1 1 1 1 1 1
0102 1814145.943.root 1 1 1 1 1 1
0102 1814145.944.root 1 1 1 1 1 1
0102 1814145.945.root 1 1 1 1 1 1
0102 1814145.946.root 1 1 1 1 1 1
0102 1814145.947.root 1 1 1 1 1 1
0102 1814145.948.root 1 1 1 1 1 1
0102 1814145.949.root 1 1 1 1 1 1
0103 1814145.95.root 1 1 1 1 1 1
0103 1814145.950.root 1 1 1 1 1 1
0103 1814145.96.root 1 1 1 1 1 1
0103 1814145.966.root 1 1 1 1 1 1
0103 1814145.967.root 1 1 1 1 1 1
0103 1814145.968.root 1 1 1 1 1 1
0103 1814145.969.root 1 1 1 1 1 1
0103 1814145.97.root 1 1 1 1 1 1
0103 1814145.970.root 1 1 1 1 1 1
0103 1814145.971.root 1 1 1 1 1 1
0103 1814145.972.root 1 1 1 1 1 1
0103 1814145.973.root 1 1 1 1 1 1
0103 1814145.974.root 1 1 1 1 1 1
0103 1814145.975.root 1 1 1 1 1 1
0103 1814145.977.root 1 1 1 1 1 1
0103 1814145.98.root 1 1 1 1 1 1
0103 1814145.983.root 1 1 1 1 1 1
0103 1814145.987.root 1 1 1 1 1 1
0103 1814145.989.root 1 1 1 1 1 1
0103 1814145.99.root 1 1 1 1 1 1
0104 1814145.990.root 1 1 1 1 1 1
0104 1814145.996.root 1 1 1 1 1 1
0104 1814145.997.root 1 1 1 1 1 1
0104 1814146.10.root 1 1 1 1 1 1
0104 1814146.100.root 1 1 1 1 1 1
0104 1814146.101.root 1 1 1 1 1 1
0104 1814146.102.root 1 1 1 1 1 1
0104 1814146.103.root 1 1 1 1 1 1
0104 1814146.104.root 1 1 1 1 1 1
0104 1814146.105.root 1 1 1 1 1 1
0104 1814146.11.root 1 1 1 1 1 1
0104 1814146.110.root 1 1 1 1 1 1
0104 1814146.111.root 1 1 1 1 1 1
0104 1814146.112.root 1 1 1 1 1 1
0104 1814146.113.root 1 1 1 1 1 1
0104 1814146.114.root 1 1 1 1 1 1
0104 1814146.115.root 1 1 1 1 1 1
0104 1814146.116.root 1 1 1 1 1 1
0104 1814146.117.root 1 1 1 1 1 1
0104 1814146.118.root 1 1 1 1 1 1
0105 1814146.119.root 1 1 1 1 1 1
0105 1814146.12.root 1 1 1 1 1 1
0105 1814146.120.root 1 1 1 1 1 1
0105 1814146.121.root 1 1 1 1 1 1
0105 1814146.122.root 1 1 1 1 1 1
0105 1814146.123.root 1 1 1 1 1 1
0105 1814146.125.root 1 1 1 1 1 1
0105 1814146.126.root 1 1 1 1 1 1
0105 1814146.127.root 1 1 1 1 1 1
0105 1814146.128.root 1 1 1 1 1 1
0105 1814146.129.root 1 1 1 1 1 1
0105 1814146.13.root 1 1 1 1 1 1
0105 1814146.130.root 1 1 1 1 1 1
0105 1814146.131.root 1 1 1 1 1 1
0105 1814146.132.root 1 1 1 1 1 1
0105 1814146.133.root 1 1 1 1 1 1
0105 1814146.14.root 1 1 1 1 1 1
0105 1814146.149.root 1 1 1 1 1 1
0105 1814146.154.root 1 1 1 1 1 1
0105 1814146.157.root 1 1 1 1 1 1
0106 1814146.173.root 1 1 1 1 1 1
0106 1814146.174.root 1 1 1 1 1 1
0106 1814146.175.root 1 1 1 1 1 1
0106 1814146.176.root 1 1 1 1 1 1
0106 1814146.178.root 1 1 1 1 1 1
0106 1814146.179.root 1 1 1 1 1 1
0106 1814146.18.root 1 1 1 1 1 1
0106 1814146.180.root 1 1 1 1 1 1
0106 1814146.181.root 1 1 1 1 1 1
0106 1814146.182.root 1 1 1 1 1 1
0106 1814146.183.root 1 1 1 1 1 1
0106 1814146.184.root 1 1 1 1 1 1
0106 1814146.185.root 1 1 1 1 1 1
0106 1814146.186.root 1 1 1 1 1 1
0106 1814146.187.root 1 1 1 1 1 1
0106 1814146.189.root 1 1 1 1 1 1
0106 1814146.190.root 1 1 1 1 1 1
0106 1814146.191.root 1 1 1 1 1 1
0106 1814146.192.root 1 1 1 1 1 1
0106 1814146.193.root 1 1 1 1 1 1
0107 1814146.194.root 1 1 1 1 1 1
0107 1814146.195.root 1 1 1 1 1 1
0107 1814146.196.root 1 1 1 1 1 1
0107 1814146.197.root 1 1 1 1 1 1
0107 1814146.198.root 1 1 1 1 1 1
0107 1814146.199.root 1 1 1 1 1 1
0107 1814146.2.root 1 1 1 1 1 1
0107 1814146.200.root 1 1 1 1 1 1
0107 1814146.201.root 1 1 1 1 1 1
0107 1814146.202.root 1 1 1 1 1 1
0107 1814146.203.root 1 1 1 1 1 1
0107 1814146.204.root 1 1 1 1 1 1
0107 1814146.205.root 1 1 1 1 1 1
0107 1814146.206.root 1 1 1 1 1 1
0107 1814146.207.root 1 1 1 1 1 1
0107 1814146.208.root 1 1 1 1 1 1
0107 1814146.209.root 1 1 1 1 1 1
0107 1814146.21.root 1 1 1 1 1 1
0107 1814146.210.root 1 1 1 1 1 1
0107 1814146.211.root 1 1 1 1 1 1
0108 1814146.212.root 1 1 1 1 1 1
0108 1814146.213.root 1 1 1 1 1 1
0108 1814146.214.root 1 1 1 1 1 1
0108 1814146.215.root 1 1 1 1 1 1
0108 1814146.217.root 1 1 1 1 1 1
0108 1814146.218.root 1 1 1 1 1 1
0108 1814146.219.root 1 1 1 1 1 1
0108 1814146.22.root 1 1 1 1 1 1
0108 1814146.220.root 1 1 1 1 1 1
0108 1814146.221.root 1 1 1 1 1 1
0108 1814146.222.root 1 1 1 1 1 1
0108 1814146.223.root 1 1 1 1 1 1
0108 1814146.224.root 1 1 1 1 1 1
0108 1814146.225.root 1 1 1 1 1 1
0108 1814146.226.root 1 1 1 1 1 1
0108 1814146.227.root 1 1 1 1 1 1
0108 1814146.228.root 1 1 1 1 1 1
0108 1814146.229.root 1 1 1 1 1 1
0108 1814146.23.root 1 1 1 1 1 1
0108 1814146.230.root 1 1 1 1 1 1
0109 1814146.231.root 1 1 1 1 1 1
0109 1814146.232.root 1 1 1 1 1 1
0109 1814146.233.root 1 1 1 1 1 1
0109 1814146.234.root 1 1 1 1 1 1
0109 1814146.235.root 1 1 1 1 1 1
0109 1814146.236.root 1 1 1 1 1 1
0109 1814146.237.root 1 1 1 1 1 1
0109 1814146.238.root 1 1 1 1 1 1
0109 1814146.239.root 1 1 1 1 1 1
0109 1814146.24.root 1 1 1 1 1 1
0109 1814146.240.root 1 1 1 1 1 1
0109 1814146.241.root 1 1 1 1 1 1
0109 1814146.242.root 1 1 1 1 1 1
0109 1814146.243.root 1 1 1 1 1 1
0109 1814146.244.root 1 1 1 1 1 1
0109 1814146.245.root 1 1 1 1 1 1
0109 1814146.246.root 1 1 1 1 1 1
0109 1814146.262.root 1 1 1 1 1 1
0109 1814146.263.root 1 1 1 1 1 1
0109 1814146.264.root 1 1 1 1 1 1
0110 1814146.265.root 1 1 1 1 1 1
0110 1814146.266.root 1 1 1 1 1 1
0110 1814146.267.root 1 1 1 1 1 1
0110 1814146.268.root 1 1 1 1 1 1
0110 1814146.269.root 1 1 1 1 1 1
0110 1814146.270.root 1 1 1 1 1 1
0110 1814146.271.root 1 1 1 1 1 1
0110 1814146.272.root 1 1 1 1 1 1
0110 1814146.273.root 1 1 1 1 1 1
0110 1814146.274.root 1 1 1 1 1 1
0110 1814146.275.root 1 1 1 1 1 1
0110 1814146.276.root 1 1 1 1 1 1
0110 1814146.277.root 1 1 1 1 1 1
0110 1814146.278.root 1 1 1 1 1 1
0110 1814146.279.root 1 1 1 1 1 1
0110 1814146.280.root 1 1 1 1 1 1
0110 1814146.281.root 1 1 1 1 1 1
0110 1814146.282.root 1 1 1 1 1 1
0110 1814146.283.root 1 1 1 1 1 1
0110 1814146.285.root 1 1 1 1 1 1
0111 1814146.286.root 1 1 1 1 1 1
0111 1814146.287.root 1 1 1 1 1 1
0111 1814146.288.root 1 1 1 1 1 1
0111 1814146.289.root 1 1 1 1 1 1
0111 1814146.29.root 1 1 1 1 1 1
0111 1814146.291.root 1 1 1 1 1 1
0111 1814146.293.root 1 1 1 1 1 1
0111 1814146.295.root 1 1 1 1 1 1
0111 1814146.296.root 1 1 1 1 1 1
0111 1814146.297.root 1 1 1 1 1 1
0111 1814146.30.root 1 1 1 1 1 1
0111 1814146.301.root 1 1 1 1 1 1
0111 1814146.307.root 1 1 1 1 1 1
0111 1814146.308.root 1 1 1 1 1 1
0111 1814146.310.root 1 1 1 1 1 1
0111 1814146.311.root 1 1 1 1 1 1
0111 1814146.312.root 1 1 1 1 1 1
0111 1814146.313.root 1 1 1 1 1 1
0111 1814146.314.root 1 1 1 1 1 1
0111 1814146.315.root 1 1 1 1 1 1
0112 1814146.316.root 1 1 1 1 1 1
0112 1814146.318.root 1 1 1 1 1 1
0112 1814146.319.root 1 1 1 1 1 1
0112 1814146.320.root 1 1 1 1 1 1
0112 1814146.321.root 1 1 1 1 1 1
0112 1814146.324.root 1 1 1 1 1 1
0112 1814146.326.root 1 1 1 1 1 1
0112 1814146.327.root 1 1 1 1 1 1
0112 1814146.33.root 1 1 1 1 1 1
0112 1814146.330.root 1 1 1 1 1 1
0112 1814146.331.root 1 1 1 1 1 1
0112 1814146.332.root 1 1 1 1 1 1
0112 1814146.333.root 1 1 1 1 1 1
0112 1814146.334.root 1 1 1 1 1 1
0112 1814146.335.root 1 1 1 1 1 1
0112 1814146.34.root 1 1 1 1 1 1
0112 1814146.340.root 1 1 1 1 1 1
0112 1814146.346.root 1 1 1 1 1 1
0112 1814146.35.root 1 1 1 1 1 1
0112 1814146.36.root 1 1 1 1 1 1
0113 1814146.369.root 1 1 1 1 1 1
0113 1814146.370.root 1 1 1 1 1 1
0113 1814146.371.root 1 1 1 1 1 1
0113 1814146.372.root 1 1 1 1 1 1
0113 1814146.373.root 1 1 1 1 1 1
0113 1814146.374.root 1 1 1 1 1 1
0113 1814146.376.root 1 1 1 1 1 1
0113 1814146.377.root 1 1 1 1 1 1
0113 1814146.378.root 1 1 1 1 1 1
0113 1814146.379.root 1 1 1 1 1 1
0113 1814146.38.root 1 1 1 1 1 1
0113 1814146.380.root 1 1 1 1 1 1
0113 1814146.382.root 1 1 1 1 1 1
0113 1814146.383.root 1 1 1 1 1 1
0113 1814146.384.root 1 1 1 1 1 1
0113 1814146.386.root 1 1 1 1 1 1
0113 1814146.387.root 1 1 1 1 1 1
0113 1814146.388.root 1 1 1 1 1 1
0113 1814146.39.root 1 1 1 1 1 1
0113 1814146.395.root 1 1 1 1 1 1
0114 1814146.397.root 1 1 1 1 1 1
0114 1814146.398.root 1 1 1 1 1 1
0114 1814146.399.root 1 1 1 1 1 1
0114 1814146.4.root 1 1 1 1 1 1
0114 1814146.40.root 1 1 1 1 1 1
0114 1814146.401.root 1 1 1 1 1 1
0114 1814146.402.root 1 1 1 1 1 1
0114 1814146.403.root 1 1 1 1 1 1
0114 1814146.404.root 1 1 1 1 1 1
0114 1814146.405.root 1 1 1 1 1 1
0114 1814146.406.root 1 1 1 1 1 1
0114 1814146.407.root 1 1 1 1 1 1
0114 1814146.408.root 1 1 1 1 1 1
0114 1814146.41.root 1 1 1 1 1 1
0114 1814146.410.root 1 1 1 1 1 1
0114 1814146.411.root 1 1 1 1 1 1
0114 1814146.412.root 1 1 1 1 1 1
0114 1814146.413.root 1 1 1 1 1 1
0114 1814146.415.root 1 1 1 1 1 1
0114 1814146.416.root 1 1 1 1 1 1
0115 1814146.418.root 1 1 1 1 1 1
0115 1814146.419.root 1 1 1 1 1 1
0115 1814146.42.root 1 1 1 1 1 1
0115 1814146.420.root 1 1 1 1 1 1
0115 1814146.424.root 1 1 1 1 1 1
0115 1814146.427.root 1 1 1 1 1 1
0115 1814146.428.root 1 1 1 1 1 1
0115 1814146.429.root 1 1 1 1 1 1
0115 1814146.43.root 1 1 1 1 1 1
0115 1814146.430.root 1 1 1 1 1 1
0115 1814146.431.root 1 1 1 1 1 1
0115 1814146.432.root 1 1 1 1 1 1
0115 1814146.433.root 1 1 1 1 1 1
0115 1814146.434.root 1 1 1 1 1 1
0115 1814146.435.root 1 1 1 1 1 1
0115 1814146.436.root 1 1 1 1 1 1
0115 1814146.44.root 1 1 1 1 1 1
0115 1814146.440.root 1 1 1 1 1 1
0115 1814146.441.root 1 1 1 1 1 1
0115 1814146.442.root 1 1 1 1 1 1
0116 1814146.443.root 1 1 1 1 1 1
0116 1814146.444.root 1 1 1 1 1 1
0116 1814146.446.root 1 1 1 1 1 1
0116 1814146.447.root 1 1 1 1 1 1
0116 1814146.448.root 1 1 1 1 1 1
0116 1814146.449.root 1 1 1 1 1 1
0116 1814146.45.root 1 1 1 1 1 1
0116 1814146.450.root 1 1 1 1 1 1
0116 1814146.451.root 1 1 1 1 1 1
0116 1814146.452.root 1 1 1 1 1 1
0116 1814146.453.root 1 1 1 1 1 1
0116 1814146.454.root 1 1 1 1 1 1
0116 1814146.457.root 1 1 1 1 1 1
0116 1814146.459.root 1 1 1 1 1 1
0116 1814146.462.root 1 1 1 1 1 1
0116 1814146.465.root 1 1 1 1 1 1
0116 1814146.469.root 1 1 1 1 1 1
0116 1814146.47.root 1 1 1 1 1 1
0116 1814146.472.root 1 1 1 1 1 1
0116 1814146.474.root 1 1 1 1 1 1
0117 1814146.475.root 1 1 1 1 1 1
0117 1814146.476.root 1 1 1 1 1 1
0117 1814146.478.root 1 1 1 1 1 1
0117 1814146.479.root 1 1 1 1 1 1
0117 1814146.48.root 1 1 1 1 1 1
0117 1814146.483.root 1 1 1 1 1 1
0117 1814146.485.root 1 1 1 1 1 1
0117 1814146.487.root 1 1 1 1 1 1
0117 1814146.488.root 1 1 1 1 1 1
0117 1814146.489.root 1 1 1 1 1 1
0117 1814146.49.root 1 1 1 1 1 1
0117 1814146.491.root 1 1 1 1 1 1
0117 1814146.493.root 1 1 1 1 1 1
0117 1814146.495.root 1 1 1 1 1 1
0117 1814146.496.root 1 1 1 1 1 1
0117 1814146.5.root 1 1 1 1 1 1
0117 1814146.50.root 1 1 1 1 1 1
0117 1814146.502.root 1 1 1 1 1 1
0117 1814146.504.root 1 1 1 1 1 1
0117 1814146.509.root 1 1 1 1 1 1
0118 1814146.510.root 1 1 1 1 1 1
0118 1814146.512.root 1 1 1 1 1 1
0118 1814146.513.root 1 1 1 1 1 1
0118 1814146.515.root 1 1 1 1 1 1
0118 1814146.518.root 1 1 1 1 1 1
0118 1814146.519.root 1 1 1 1 1 1
0118 1814146.52.root 1 1 1 1 1 1
0118 1814146.523.root 1 1 1 1 1 1
0118 1814146.528.root 1 1 1 1 1 1
0118 1814146.53.root 1 1 1 1 1 1
0118 1814146.534.root 1 1 1 1 1 1
0118 1814146.535.root 1 1 1 1 1 1
0118 1814146.536.root 1 1 1 1 1 1
0118 1814146.538.root 1 1 1 1 1 1
0118 1814146.539.root 1 1 1 1 1 1
0118 1814146.54.root 1 1 1 1 1 1
0118 1814146.540.root 1 1 1 1 1 1
0118 1814146.542.root 1 1 1 1 1 1
0118 1814146.549.root 1 1 1 1 1 1
0118 1814146.55.root 1 1 1 1 1 1
0119 1814146.552.root 1 1 1 1 1 1
0119 1814146.554.root 1 1 1 1 1 1
0119 1814146.556.root 1 1 1 1 1 1
0119 1814146.559.root 1 1 1 1 1 1
0119 1814146.561.root 1 1 1 1 1 1
0119 1814146.562.root 1 1 1 1 1 1
0119 1814146.563.root 1 1 1 1 1 1
0119 1814146.57.root 1 1 1 1 1 1
0119 1814146.570.root 1 1 1 1 1 1
0119 1814146.571.root 1 1 1 1 1 1
0119 1814146.572.root 1 1 1 1 1 1
0119 1814146.573.root 1 1 1 1 1 1
0119 1814146.579.root 1 1 1 1 1 1
0119 1814146.58.root 1 1 1 1 1 1
0119 1814146.581.root 1 1 1 1 1 1
0119 1814146.593.root 1 1 1 1 1 1
0119 1814146.595.root 1 1 1 1 1 1
0119 1814146.599.root 1 1 1 1 1 1
0119 1814146.6.root 1 1 1 1 1 1
0119 1814146.60.root 1 1 1 1 1 1
0120 1814146.600.root 1 1 1 1 1 1
0120 1814146.602.root 1 1 1 1 1 1
0120 1814146.603.root 1 1 1 1 1 1
0120 1814146.608.root 1 1 1 1 1 1
0120 1814146.61.root 1 1 1 1 1 1
0120 1814146.612.root 1 1 1 1 1 1
0120 1814146.613.root 1 1 1 1 1 1
0120 1814146.62.root 1 1 1 1 1 1
0120 1814146.626.root 1 1 1 1 1 1
0120 1814146.63.root 1 1 1 1 1 1
0120 1814146.630.root 1 1 1 1 1 1
0120 1814146.631.root 1 1 1 1 1 1
0120 1814146.632.root 1 1 1 1 1 1
0120 1814146.633.root 1 1 1 1 1 1
0120 1814146.634.root 1 1 1 1 1 1
0120 1814146.635.root 1 1 1 1 1 1
0120 1814146.636.root 1 1 1 1 1 1
0120 1814146.638.root 1 1 1 1 1 1
0120 1814146.639.root 1 1 1 1 1 1
0120 1814146.64.root 1 1 1 1 1 1
0121 1814146.640.root 1 1 1 1 1 1
0121 1814146.642.root 1 1 1 1 1 1
0121 1814146.643.root 1 1 1 1 1 1
0121 1814146.644.root 1 1 1 1 1 1
0121 1814146.645.root 1 1 1 1 1 1
0121 1814146.646.root 1 1 1 1 1 1
0121 1814146.647.root 1 1 1 1 1 1
0121 1814146.648.root 1 1 1 1 1 1
0121 1814146.649.root 1 1 1 1 1 1
0121 1814146.65.root 1 1 1 1 1 1
0121 1814146.651.root 1 1 1 1 1 1
0121 1814146.652.root 1 1 1 1 1 1
0121 1814146.653.root 1 1 1 1 1 1
0121 1814146.654.root 1 1 1 1 1 1
0121 1814146.655.root 1 1 1 1 1 1
0121 1814146.656.root 1 1 1 1 1 1
0121 1814146.657.root 1 1 1 1 1 1
0121 1814146.658.root 1 1 1 1 1 1
0121 1814146.659.root 1 1 1 1 1 1
0121 1814146.66.root 1 1 1 1 1 1
0122 1814146.660.root 1 1 1 1 1 1
0122 1814146.661.root 1 1 1 1 1 1
0122 1814146.677.root 1 1 1 1 1 1
0122 1814146.678.root 1 1 1 1 1 1
0122 1814146.68.root 1 1 1 1 1 1
0122 1814146.681.root 1 1 1 1 1 1
0122 1814146.682.root 1 1 1 1 1 1
0122 1814146.685.root 1 1 1 1 1 1
0122 1814146.687.root 1 1 1 1 1 1
0122 1814146.689.root 1 1 1 1 1 1
0122 1814146.69.root 1 1 1 1 1 1
0122 1814146.692.root 1 1 1 1 1 1
0122 1814146.695.root 1 1 1 1 1 1
0122 1814146.696.root 1 1 1 1 1 1
0122 1814146.7.root 1 1 1 1 1 1
0122 1814146.705.root 1 1 1 1 1 1
0122 1814146.706.root 1 1 1 1 1 1
0122 1814146.707.root 1 1 1 1 1 1
0122 1814146.722.root 1 1 1 1 1 1
0122 1814146.723.root 1 1 1 1 1 1
0123 1814146.729.root 1 1 1 1 1 1
0123 1814146.73.root 1 1 1 1 1 1
0123 1814146.730.root 1 1 1 1 1 1
0123 1814146.731.root 1 1 1 1 1 1
0123 1814146.732.root 1 1 1 1 1 1
0123 1814146.733.root 1 1 1 1 1 1
0123 1814146.734.root 1 1 1 1 1 1
0123 1814146.735.root 1 1 1 1 1 1
0123 1814146.737.root 1 1 1 1 1 1
0123 1814146.738.root 1 1 1 1 1 1
0123 1814146.739.root 1 1 1 1 1 1
0123 1814146.74.root 1 1 1 1 1 1
0123 1814146.740.root 1 1 1 1 1 1
0123 1814146.741.root 1 1 1 1 1 1
0123 1814146.742.root 1 1 1 1 1 1
0123 1814146.743.root 1 1 1 1 1 1
0123 1814146.744.root 1 1 1 1 1 1
0123 1814146.745.root 1 1 1 1 1 1
0123 1814146.746.root 1 1 1 1 1 1
0123 1814146.747.root 1 1 1 1 1 1
0124 1814146.748.root 1 1 1 1 1 1
0124 1814146.749.root 1 1 1 1 1 1
0124 1814146.750.root 1 1 1 1 1 1
0124 1814146.752.root 1 1 1 1 1 1
0124 1814146.753.root 1 1 1 1 1 1
0124 1814146.754.root 1 1 1 1 1 1
0124 1814146.755.root 1 1 1 1 1 1
0124 1814146.756.root 1 1 1 1 1 1
0124 1814146.757.root 1 1 1 1 1 1
0124 1814146.758.root 1 1 1 1 1 1
0124 1814146.759.root 1 1 1 1 1 1
0124 1814146.760.root 1 1 1 1 1 1
0124 1814146.761.root 1 1 1 1 1 1
0124 1814146.762.root 1 1 1 1 1 1
0124 1814146.763.root 1 1 1 1 1 1
0124 1814146.764.root 1 1 1 1 1 1
0124 1814146.765.root 1 1 1 1 1 1
0124 1814146.766.root 1 1 1 1 1 1
0124 1814146.767.root 1 1 1 1 1 1
0124 1814146.770.root 1 1 1 1 1 1
0125 1814146.771.root 1 1 1 1 1 1
0125 1814146.772.root 1 1 1 1 1 1
0125 1814146.773.root 1 1 1 1 1 1
0125 1814146.776.root 1 1 1 1 1 1
0125 1814146.777.root 1 1 1 1 1 1
0125 1814146.778.root 1 1 1 1 1 1
0125 1814146.779.root 1 1 1 1 1 1
0125 1814146.78.root 1 1 1 1 1 1
0125 1814146.781.root 1 1 1 1 1 1
0125 1814146.782.root 1 1 1 1 1 1
0125 1814146.783.root 1 1 1 1 1 1
0125 1814146.784.root 1 1 1 1 1 1
0125 1814146.785.root 1 1 1 1 1 1
0125 1814146.786.root 1 1 1 1 1 1
0125 1814146.787.root 1 1 1 1 1 1
0125 1814146.788.root 1 1 1 1 1 1
0125 1814146.789.root 1 1 1 1 1 1
0125 1814146.790.root 1 1 1 1 1 1
0125 1814146.791.root 1 1 1 1 1 1
0125 1814146.792.root 1 1 1 1 1 1
0126 1814146.793.root 1 1 1 1 1 1
0126 1814146.794.root 1 1 1 1 1 1
0126 1814146.795.root 1 1 1 1 1 1
0126 1814146.796.root 1 1 1 1 1 1
0126 1814146.797.root 1 1 1 1 1 1
0126 1814146.798.root 1 1 1 1 1 1
0126 1814146.799.root 1 1 1 1 1 1
0126 1814146.8.root 1 1 1 1 1 1
0126 1814146.800.root 1 1 1 1 1 1
0126 1814146.801.root 1 1 1 1 1 1
0126 1814146.803.root 1 1 1 1 1 1
0126 1814146.81.root 1 1 1 1 1 1
0126 1814146.83.root 1 1 1 1 1 1
0126 1814146.832.root 1 1 1 1 1 1
0126 1814146.834.root 1 1 1 1 1 1
0126 1814146.836.root 1 1 1 1 1 1
0126 1814146.838.root 1 1 1 1 1 1
0126 1814146.84.root 1 1 1 1 1 1
0126 1814146.840.root 1 1 1 1 1 1
0126 1814146.842.root 1 1 1 1 1 1
0127 1814146.844.root 1 1 1 1 1 1
0127 1814146.846.root 1 1 1 1 1 1
0127 1814146.847.root 1 1 1 1 1 1
0127 1814146.848.root 1 1 1 1 1 1
0127 1814146.849.root 1 1 1 1 1 1
0127 1814146.850.root 1 1 1 1 1 1
0127 1814146.851.root 1 1 1 1 1 1
0127 1814146.852.root 1 1 1 1 1 1
0127 1814146.853.root 1 1 1 1 1 1
0127 1814146.854.root 1 1 1 1 1 1
0127 1814146.855.root 1 1 1 1 1 1
0127 1814146.856.root 1 1 1 1 1 1
0127 1814146.858.root 1 1 1 1 1 1
0127 1814146.859.root 1 1 1 1 1 1
0127 1814146.860.root 1 1 1 1 1 1
0127 1814146.861.root 1 1 1 1 1 1
0127 1814146.862.root 1 1 1 1 1 1
0127 1814146.863.root 1 1 1 1 1 1
0127 1814146.864.root 1 1 1 1 1 1
0127 1814146.87.root 1 1 1 1 1 1
0128 1814146.879.root 1 1 1 1 1 1
0128 1814146.88.root 1 1 1 1 1 1
0128 1814146.880.root 1 1 1 1 1 1
0128 1814146.881.root 1 1 1 1 1 1
0128 1814146.882.root 1 1 1 1 1 1
0128 1814146.883.root 1 1 1 1 1 1
0128 1814146.884.root 1 1 1 1 1 1
0128 1814146.885.root 1 1 1 1 1 1
0128 1814146.886.root 1 1 1 1 1 1
0128 1814146.887.root 1 1 1 1 1 1
0128 1814146.889.root 1 1 1 1 1 1
0128 1814146.89.root 1 1 1 1 1 1
0128 1814146.892.root 1 1 1 1 1 1
0128 1814146.893.root 1 1 1 1 1 1
0128 1814146.894.root 1 1 1 1 1 1
0128 1814146.90.root 1 1 1 1 1 1
0128 1814146.907.root 1 1 1 1 1 1
0128 1814146.908.root 1 1 1 1 1 1
0128 1814146.909.root 1 1 1 1 1 1
0128 1814146.92.root 1 1 1 1 1 1
0129 1814146.93.root 1 1 1 1 1 1
0129 1814146.932.root 1 1 1 1 1 1
0129 1814146.94.root 1 1 1 1 1 1
0129 1814146.942.root 1 1 1 1 1 1
0129 1814146.943.root 1 1 1 1 1 1
0129 1814146.945.root 1 1 1 1 1 1
0129 1814146.946.root 1 1 1 1 1 1
0129 1814146.947.root 1 1 1 1 1 1
0129 1814146.948.root 1 1 1 1 1 1
0129 1814146.949.root 1 1 1 1 1 1
0129 1814146.951.root 1 1 1 1 1 1
0129 1814146.952.root 1 1 1 1 1 1
0129 1814146.953.root 1 1 1 1 1 1
0129 1814146.954.root 1 1 1 1 1 1
0129 1814146.955.root 1 1 1 1 1 1
0129 1814146.956.root 1 1 1 1 1 1
0129 1814146.957.root 1 1 1 1 1 1
0129 1814146.958.root 1 1 1 1 1 1
0129 1814146.959.root 1 1 1 1 1 1
0129 1814146.96.root 1 1 1 1 1 1
0130 1814146.963.root 1 1 1 1 1 1
0130 1814146.966.root 1 1 1 1 1 1
0130 1814146.967.root 1 1 1 1 1 1
0130 1814146.97.root 1 1 1 1 1 1
0130 1814146.975.root 1 1 1 1 1 1
0130 1814146.979.root 1 1 1 1 1 1
0130 1814146.98.root 1 1 1 1 1 1
0130 1814146.982.root 1 1 1 1 1 1
0130 1814146.983.root 1 1 1 1 1 1
0130 1814146.99.root 1 1 1 1 1 1
0130 1814146.990.root 1 1 1 1 1 1
0130 1814146.991.root 1 1 1 1 1 1
0130 1814146.992.root 1 1 1 1 1 1
0130 1814146.996.root 1 1 1 1 1 1
0130 1814146.998.root 1 1 1 1 1 1
