0000 panda_437620_0.root 1 1 1 1 1 1
0000 panda_437620_1.root 1 1 1 1 1 1
0000 panda_437620_100.root 1 1 1 1 1 1
0000 panda_437620_1000.root 1 1 1 1 1 1
0000 panda_437620_1001.root 1 1 1 1 1 1
0000 panda_437620_1002.root 1 1 1 1 1 1
0000 panda_437620_1003.root 1 1 1 1 1 1
0000 panda_437620_1004.root 1 1 1 1 1 1
0000 panda_437620_1005.root 1 1 1 1 1 1
0000 panda_437620_1006.root 1 1 1 1 1 1
0000 panda_437620_1007.root 1 1 1 1 1 1
0000 panda_437620_1008.root 1 1 1 1 1 1
0000 panda_437620_1009.root 1 1 1 1 1 1
0000 panda_437620_101.root 1 1 1 1 1 1
0000 panda_437620_1010.root 1 1 1 1 1 1
0000 panda_437620_1011.root 1 1 1 1 1 1
0000 panda_437620_1012.root 1 1 1 1 1 1
0000 panda_437620_1013.root 1 1 1 1 1 1
0000 panda_437620_1014.root 1 1 1 1 1 1
0000 panda_437620_1015.root 1 1 1 1 1 1
0001 panda_437620_1016.root 1 1 1 1 1 1
0001 panda_437620_1017.root 1 1 1 1 1 1
0001 panda_437620_1018.root 1 1 1 1 1 1
0001 panda_437620_1019.root 1 1 1 1 1 1
0001 panda_437620_102.root 1 1 1 1 1 1
0001 panda_437620_1020.root 1 1 1 1 1 1
0001 panda_437620_1021.root 1 1 1 1 1 1
0001 panda_437620_1022.root 1 1 1 1 1 1
0001 panda_437620_1023.root 1 1 1 1 1 1
0001 panda_437620_1024.root 1 1 1 1 1 1
0001 panda_437620_1025.root 1 1 1 1 1 1
0001 panda_437620_1026.root 1 1 1 1 1 1
0001 panda_437620_1027.root 1 1 1 1 1 1
0001 panda_437620_1028.root 1 1 1 1 1 1
0001 panda_437620_1029.root 1 1 1 1 1 1
0001 panda_437620_103.root 1 1 1 1 1 1
0001 panda_437620_1030.root 1 1 1 1 1 1
0001 panda_437620_1031.root 1 1 1 1 1 1
0001 panda_437620_1032.root 1 1 1 1 1 1
0001 panda_437620_1033.root 1 1 1 1 1 1
0002 panda_437620_1034.root 1 1 1 1 1 1
0002 panda_437620_1035.root 1 1 1 1 1 1
0002 panda_437620_1036.root 1 1 1 1 1 1
0002 panda_437620_1037.root 1 1 1 1 1 1
0002 panda_437620_1038.root 1 1 1 1 1 1
0002 panda_437620_1039.root 1 1 1 1 1 1
0002 panda_437620_104.root 1 1 1 1 1 1
0002 panda_437620_1040.root 1 1 1 1 1 1
0002 panda_437620_1041.root 1 1 1 1 1 1
0002 panda_437620_1042.root 1 1 1 1 1 1
0002 panda_437620_1043.root 1 1 1 1 1 1
0002 panda_437620_1044.root 1 1 1 1 1 1
0002 panda_437620_1046.root 1 1 1 1 1 1
0002 panda_437620_1047.root 1 1 1 1 1 1
0002 panda_437620_1048.root 1 1 1 1 1 1
0002 panda_437620_1049.root 1 1 1 1 1 1
0002 panda_437620_105.root 1 1 1 1 1 1
0002 panda_437620_1051.root 1 1 1 1 1 1
0002 panda_437620_1052.root 1 1 1 1 1 1
0002 panda_437620_1053.root 1 1 1 1 1 1
0003 panda_437620_1054.root 1 1 1 1 1 1
0003 panda_437620_1055.root 1 1 1 1 1 1
0003 panda_437620_1056.root 1 1 1 1 1 1
0003 panda_437620_1057.root 1 1 1 1 1 1
0003 panda_437620_1058.root 1 1 1 1 1 1
0003 panda_437620_1059.root 1 1 1 1 1 1
0003 panda_437620_106.root 1 1 1 1 1 1
0003 panda_437620_1060.root 1 1 1 1 1 1
0003 panda_437620_1061.root 1 1 1 1 1 1
0003 panda_437620_1062.root 1 1 1 1 1 1
0003 panda_437620_1065.root 1 1 1 1 1 1
0003 panda_437620_1066.root 1 1 1 1 1 1
0003 panda_437620_1067.root 1 1 1 1 1 1
0003 panda_437620_1068.root 1 1 1 1 1 1
0003 panda_437620_1069.root 1 1 1 1 1 1
0003 panda_437620_107.root 1 1 1 1 1 1
0003 panda_437620_1070.root 1 1 1 1 1 1
0003 panda_437620_1071.root 1 1 1 1 1 1
0003 panda_437620_1072.root 1 1 1 1 1 1
0003 panda_437620_1073.root 1 1 1 1 1 1
0004 panda_437620_1074.root 1 1 1 1 1 1
0004 panda_437620_1075.root 1 1 1 1 1 1
0004 panda_437620_1076.root 1 1 1 1 1 1
0004 panda_437620_1077.root 1 1 1 1 1 1
0004 panda_437620_1078.root 1 1 1 1 1 1
0004 panda_437620_1079.root 1 1 1 1 1 1
0004 panda_437620_108.root 1 1 1 1 1 1
0004 panda_437620_1080.root 1 1 1 1 1 1
0004 panda_437620_1081.root 1 1 1 1 1 1
0004 panda_437620_1082.root 1 1 1 1 1 1
0004 panda_437620_1083.root 1 1 1 1 1 1
0004 panda_437620_1084.root 1 1 1 1 1 1
0004 panda_437620_1085.root 1 1 1 1 1 1
0004 panda_437620_1086.root 1 1 1 1 1 1
0004 panda_437620_1087.root 1 1 1 1 1 1
0004 panda_437620_1088.root 1 1 1 1 1 1
0004 panda_437620_1089.root 1 1 1 1 1 1
0004 panda_437620_1090.root 1 1 1 1 1 1
0004 panda_437620_1091.root 1 1 1 1 1 1
0004 panda_437620_1092.root 1 1 1 1 1 1
0005 panda_437620_1093.root 1 1 1 1 1 1
0005 panda_437620_1094.root 1 1 1 1 1 1
0005 panda_437620_1095.root 1 1 1 1 1 1
0005 panda_437620_1096.root 1 1 1 1 1 1
0005 panda_437620_1097.root 1 1 1 1 1 1
0005 panda_437620_1098.root 1 1 1 1 1 1
0005 panda_437620_1099.root 1 1 1 1 1 1
0005 panda_437620_11.root 1 1 1 1 1 1
0005 panda_437620_110.root 1 1 1 1 1 1
0005 panda_437620_1100.root 1 1 1 1 1 1
0005 panda_437620_1101.root 1 1 1 1 1 1
0005 panda_437620_1102.root 1 1 1 1 1 1
0005 panda_437620_1103.root 1 1 1 1 1 1
0005 panda_437620_1104.root 1 1 1 1 1 1
0005 panda_437620_1105.root 1 1 1 1 1 1
0005 panda_437620_1106.root 1 1 1 1 1 1
0005 panda_437620_1107.root 1 1 1 1 1 1
0005 panda_437620_1108.root 1 1 1 1 1 1
0005 panda_437620_1109.root 1 1 1 1 1 1
0005 panda_437620_111.root 1 1 1 1 1 1
0006 panda_437620_1110.root 1 1 1 1 1 1
0006 panda_437620_1111.root 1 1 1 1 1 1
0006 panda_437620_1112.root 1 1 1 1 1 1
0006 panda_437620_1113.root 1 1 1 1 1 1
0006 panda_437620_1114.root 1 1 1 1 1 1
0006 panda_437620_1115.root 1 1 1 1 1 1
0006 panda_437620_1116.root 1 1 1 1 1 1
0006 panda_437620_1117.root 1 1 1 1 1 1
0006 panda_437620_1118.root 1 1 1 1 1 1
0006 panda_437620_112.root 1 1 1 1 1 1
0006 panda_437620_1120.root 1 1 1 1 1 1
0006 panda_437620_1121.root 1 1 1 1 1 1
0006 panda_437620_1122.root 1 1 1 1 1 1
0006 panda_437620_1123.root 1 1 1 1 1 1
0006 panda_437620_1124.root 1 1 1 1 1 1
0006 panda_437620_1125.root 1 1 1 1 1 1
0006 panda_437620_1126.root 1 1 1 1 1 1
0006 panda_437620_1127.root 1 1 1 1 1 1
0006 panda_437620_1128.root 1 1 1 1 1 1
0006 panda_437620_1129.root 1 1 1 1 1 1
0007 panda_437620_113.root 1 1 1 1 1 1
0007 panda_437620_1130.root 1 1 1 1 1 1
0007 panda_437620_1131.root 1 1 1 1 1 1
0007 panda_437620_1132.root 1 1 1 1 1 1
0007 panda_437620_1133.root 1 1 1 1 1 1
0007 panda_437620_1134.root 1 1 1 1 1 1
0007 panda_437620_1135.root 1 1 1 1 1 1
0007 panda_437620_1136.root 1 1 1 1 1 1
0007 panda_437620_1137.root 1 1 1 1 1 1
0007 panda_437620_1138.root 1 1 1 1 1 1
0007 panda_437620_1139.root 1 1 1 1 1 1
0007 panda_437620_114.root 1 1 1 1 1 1
0007 panda_437620_1140.root 1 1 1 1 1 1
0007 panda_437620_1141.root 1 1 1 1 1 1
0007 panda_437620_1142.root 1 1 1 1 1 1
0007 panda_437620_1143.root 1 1 1 1 1 1
0007 panda_437620_1144.root 1 1 1 1 1 1
0007 panda_437620_1145.root 1 1 1 1 1 1
0007 panda_437620_1146.root 1 1 1 1 1 1
0007 panda_437620_1147.root 1 1 1 1 1 1
0008 panda_437620_1148.root 1 1 1 1 1 1
0008 panda_437620_1149.root 1 1 1 1 1 1
0008 panda_437620_115.root 1 1 1 1 1 1
0008 panda_437620_1150.root 1 1 1 1 1 1
0008 panda_437620_1151.root 1 1 1 1 1 1
0008 panda_437620_1152.root 1 1 1 1 1 1
0008 panda_437620_1153.root 1 1 1 1 1 1
0008 panda_437620_1154.root 1 1 1 1 1 1
0008 panda_437620_1155.root 1 1 1 1 1 1
0008 panda_437620_1156.root 1 1 1 1 1 1
0008 panda_437620_1157.root 1 1 1 1 1 1
0008 panda_437620_1158.root 1 1 1 1 1 1
0008 panda_437620_1159.root 1 1 1 1 1 1
0008 panda_437620_116.root 1 1 1 1 1 1
0008 panda_437620_1160.root 1 1 1 1 1 1
0008 panda_437620_1161.root 1 1 1 1 1 1
0008 panda_437620_1162.root 1 1 1 1 1 1
0008 panda_437620_1163.root 1 1 1 1 1 1
0008 panda_437620_1164.root 1 1 1 1 1 1
0008 panda_437620_1165.root 1 1 1 1 1 1
0009 panda_437620_1166.root 1 1 1 1 1 1
0009 panda_437620_1167.root 1 1 1 1 1 1
0009 panda_437620_1168.root 1 1 1 1 1 1
0009 panda_437620_1169.root 1 1 1 1 1 1
0009 panda_437620_1172.root 1 1 1 1 1 1
0009 panda_437620_1173.root 1 1 1 1 1 1
0009 panda_437620_1175.root 1 1 1 1 1 1
0009 panda_437620_1176.root 1 1 1 1 1 1
0009 panda_437620_1178.root 1 1 1 1 1 1
0009 panda_437620_1179.root 1 1 1 1 1 1
0009 panda_437620_118.root 1 1 1 1 1 1
0009 panda_437620_1180.root 1 1 1 1 1 1
0009 panda_437620_1181.root 1 1 1 1 1 1
0009 panda_437620_1183.root 1 1 1 1 1 1
0009 panda_437620_1184.root 1 1 1 1 1 1
0009 panda_437620_1185.root 1 1 1 1 1 1
0009 panda_437620_1186.root 1 1 1 1 1 1
0009 panda_437620_1187.root 1 1 1 1 1 1
0009 panda_437620_1188.root 1 1 1 1 1 1
0009 panda_437620_1189.root 1 1 1 1 1 1
0010 panda_437620_119.root 1 1 1 1 1 1
0010 panda_437620_1190.root 1 1 1 1 1 1
0010 panda_437620_1191.root 1 1 1 1 1 1
0010 panda_437620_1192.root 1 1 1 1 1 1
0010 panda_437620_1193.root 1 1 1 1 1 1
0010 panda_437620_1194.root 1 1 1 1 1 1
0010 panda_437620_1195.root 1 1 1 1 1 1
0010 panda_437620_1196.root 1 1 1 1 1 1
0010 panda_437620_1197.root 1 1 1 1 1 1
0010 panda_437620_1198.root 1 1 1 1 1 1
0010 panda_437620_1199.root 1 1 1 1 1 1
0010 panda_437620_120.root 1 1 1 1 1 1
0010 panda_437620_1200.root 1 1 1 1 1 1
0010 panda_437620_1201.root 1 1 1 1 1 1
0010 panda_437620_1203.root 1 1 1 1 1 1
0010 panda_437620_1204.root 1 1 1 1 1 1
0010 panda_437620_1205.root 1 1 1 1 1 1
0010 panda_437620_1206.root 1 1 1 1 1 1
0010 panda_437620_1207.root 1 1 1 1 1 1
0010 panda_437620_1208.root 1 1 1 1 1 1
0011 panda_437620_1209.root 1 1 1 1 1 1
0011 panda_437620_121.root 1 1 1 1 1 1
0011 panda_437620_1210.root 1 1 1 1 1 1
0011 panda_437620_1211.root 1 1 1 1 1 1
0011 panda_437620_1212.root 1 1 1 1 1 1
0011 panda_437620_1213.root 1 1 1 1 1 1
0011 panda_437620_1214.root 1 1 1 1 1 1
0011 panda_437620_1215.root 1 1 1 1 1 1
0011 panda_437620_1216.root 1 1 1 1 1 1
0011 panda_437620_1217.root 1 1 1 1 1 1
0011 panda_437620_1218.root 1 1 1 1 1 1
0011 panda_437620_1219.root 1 1 1 1 1 1
0011 panda_437620_122.root 1 1 1 1 1 1
0011 panda_437620_1220.root 1 1 1 1 1 1
0011 panda_437620_1221.root 1 1 1 1 1 1
0011 panda_437620_1222.root 1 1 1 1 1 1
0011 panda_437620_1224.root 1 1 1 1 1 1
0011 panda_437620_1226.root 1 1 1 1 1 1
0011 panda_437620_1227.root 1 1 1 1 1 1
0011 panda_437620_1229.root 1 1 1 1 1 1
0012 panda_437620_123.root 1 1 1 1 1 1
0012 panda_437620_1230.root 1 1 1 1 1 1
0012 panda_437620_1231.root 1 1 1 1 1 1
0012 panda_437620_1232.root 1 1 1 1 1 1
0012 panda_437620_1233.root 1 1 1 1 1 1
0012 panda_437620_1235.root 1 1 1 1 1 1
0012 panda_437620_1236.root 1 1 1 1 1 1
0012 panda_437620_1237.root 1 1 1 1 1 1
0012 panda_437620_1238.root 1 1 1 1 1 1
0012 panda_437620_1239.root 1 1 1 1 1 1
0012 panda_437620_1240.root 1 1 1 1 1 1
0012 panda_437620_1241.root 1 1 1 1 1 1
0012 panda_437620_1242.root 1 1 1 1 1 1
0012 panda_437620_1243.root 1 1 1 1 1 1
0012 panda_437620_1244.root 1 1 1 1 1 1
0012 panda_437620_1245.root 1 1 1 1 1 1
0012 panda_437620_1246.root 1 1 1 1 1 1
0012 panda_437620_1247.root 1 1 1 1 1 1
0012 panda_437620_1248.root 1 1 1 1 1 1
0012 panda_437620_1249.root 1 1 1 1 1 1
0013 panda_437620_125.root 1 1 1 1 1 1
0013 panda_437620_1250.root 1 1 1 1 1 1
0013 panda_437620_1251.root 1 1 1 1 1 1
0013 panda_437620_1252.root 1 1 1 1 1 1
0013 panda_437620_1253.root 1 1 1 1 1 1
0013 panda_437620_1254.root 1 1 1 1 1 1
0013 panda_437620_1255.root 1 1 1 1 1 1
0013 panda_437620_1256.root 1 1 1 1 1 1
0013 panda_437620_1257.root 1 1 1 1 1 1
0013 panda_437620_1258.root 1 1 1 1 1 1
0013 panda_437620_1259.root 1 1 1 1 1 1
0013 panda_437620_1260.root 1 1 1 1 1 1
0013 panda_437620_1261.root 1 1 1 1 1 1
0013 panda_437620_1262.root 1 1 1 1 1 1
0013 panda_437620_1263.root 1 1 1 1 1 1
0013 panda_437620_1264.root 1 1 1 1 1 1
0013 panda_437620_1265.root 1 1 1 1 1 1
0013 panda_437620_1266.root 1 1 1 1 1 1
0013 panda_437620_1267.root 1 1 1 1 1 1
0013 panda_437620_1268.root 1 1 1 1 1 1
0014 panda_437620_1269.root 1 1 1 1 1 1
0014 panda_437620_127.root 1 1 1 1 1 1
0014 panda_437620_1270.root 1 1 1 1 1 1
0014 panda_437620_1271.root 1 1 1 1 1 1
0014 panda_437620_1272.root 1 1 1 1 1 1
0014 panda_437620_1273.root 1 1 1 1 1 1
0014 panda_437620_1274.root 1 1 1 1 1 1
0014 panda_437620_1275.root 1 1 1 1 1 1
0014 panda_437620_1276.root 1 1 1 1 1 1
0014 panda_437620_1277.root 1 1 1 1 1 1
0014 panda_437620_1278.root 1 1 1 1 1 1
0014 panda_437620_1279.root 1 1 1 1 1 1
0014 panda_437620_128.root 1 1 1 1 1 1
0014 panda_437620_1280.root 1 1 1 1 1 1
0014 panda_437620_1281.root 1 1 1 1 1 1
0014 panda_437620_1282.root 1 1 1 1 1 1
0014 panda_437620_1283.root 1 1 1 1 1 1
0014 panda_437620_1285.root 1 1 1 1 1 1
0014 panda_437620_1286.root 1 1 1 1 1 1
0014 panda_437620_1287.root 1 1 1 1 1 1
0015 panda_437620_1288.root 1 1 1 1 1 1
0015 panda_437620_1289.root 1 1 1 1 1 1
0015 panda_437620_129.root 1 1 1 1 1 1
0015 panda_437620_1290.root 1 1 1 1 1 1
0015 panda_437620_1291.root 1 1 1 1 1 1
0015 panda_437620_1292.root 1 1 1 1 1 1
0015 panda_437620_1293.root 1 1 1 1 1 1
0015 panda_437620_1294.root 1 1 1 1 1 1
0015 panda_437620_1295.root 1 1 1 1 1 1
0015 panda_437620_1296.root 1 1 1 1 1 1
0015 panda_437620_1297.root 1 1 1 1 1 1
0015 panda_437620_1298.root 1 1 1 1 1 1
0015 panda_437620_1299.root 1 1 1 1 1 1
0015 panda_437620_1300.root 1 1 1 1 1 1
0015 panda_437620_1301.root 1 1 1 1 1 1
0015 panda_437620_1302.root 1 1 1 1 1 1
0015 panda_437620_1303.root 1 1 1 1 1 1
0015 panda_437620_1304.root 1 1 1 1 1 1
0015 panda_437620_1305.root 1 1 1 1 1 1
0015 panda_437620_1306.root 1 1 1 1 1 1
0016 panda_437620_1307.root 1 1 1 1 1 1
0016 panda_437620_1308.root 1 1 1 1 1 1
0016 panda_437620_1309.root 1 1 1 1 1 1
0016 panda_437620_131.root 1 1 1 1 1 1
0016 panda_437620_1310.root 1 1 1 1 1 1
0016 panda_437620_1311.root 1 1 1 1 1 1
0016 panda_437620_1312.root 1 1 1 1 1 1
0016 panda_437620_1313.root 1 1 1 1 1 1
0016 panda_437620_1314.root 1 1 1 1 1 1
0016 panda_437620_1315.root 1 1 1 1 1 1
0016 panda_437620_1316.root 1 1 1 1 1 1
0016 panda_437620_1317.root 1 1 1 1 1 1
0016 panda_437620_1318.root 1 1 1 1 1 1
0016 panda_437620_1319.root 1 1 1 1 1 1
0016 panda_437620_132.root 1 1 1 1 1 1
0016 panda_437620_1321.root 1 1 1 1 1 1
0016 panda_437620_1322.root 1 1 1 1 1 1
0016 panda_437620_1323.root 1 1 1 1 1 1
0016 panda_437620_1324.root 1 1 1 1 1 1
0016 panda_437620_1325.root 1 1 1 1 1 1
0017 panda_437620_1326.root 1 1 1 1 1 1
0017 panda_437620_1327.root 1 1 1 1 1 1
0017 panda_437620_1328.root 1 1 1 1 1 1
0017 panda_437620_1329.root 1 1 1 1 1 1
0017 panda_437620_133.root 1 1 1 1 1 1
0017 panda_437620_1330.root 1 1 1 1 1 1
0017 panda_437620_1331.root 1 1 1 1 1 1
0017 panda_437620_1332.root 1 1 1 1 1 1
0017 panda_437620_1333.root 1 1 1 1 1 1
0017 panda_437620_1334.root 1 1 1 1 1 1
0017 panda_437620_1335.root 1 1 1 1 1 1
0017 panda_437620_1336.root 1 1 1 1 1 1
0017 panda_437620_1339.root 1 1 1 1 1 1
0017 panda_437620_134.root 1 1 1 1 1 1
0017 panda_437620_1340.root 1 1 1 1 1 1
0017 panda_437620_1341.root 1 1 1 1 1 1
0017 panda_437620_1342.root 1 1 1 1 1 1
0017 panda_437620_1343.root 1 1 1 1 1 1
0017 panda_437620_1344.root 1 1 1 1 1 1
0017 panda_437620_1345.root 1 1 1 1 1 1
0018 panda_437620_1346.root 1 1 1 1 1 1
0018 panda_437620_1347.root 1 1 1 1 1 1
0018 panda_437620_1348.root 1 1 1 1 1 1
0018 panda_437620_1349.root 1 1 1 1 1 1
0018 panda_437620_135.root 1 1 1 1 1 1
0018 panda_437620_1350.root 1 1 1 1 1 1
0018 panda_437620_1351.root 1 1 1 1 1 1
0018 panda_437620_1352.root 1 1 1 1 1 1
0018 panda_437620_1353.root 1 1 1 1 1 1
0018 panda_437620_1354.root 1 1 1 1 1 1
0018 panda_437620_1355.root 1 1 1 1 1 1
0018 panda_437620_1356.root 1 1 1 1 1 1
0018 panda_437620_1357.root 1 1 1 1 1 1
0018 panda_437620_1358.root 1 1 1 1 1 1
0018 panda_437620_1359.root 1 1 1 1 1 1
0018 panda_437620_136.root 1 1 1 1 1 1
0018 panda_437620_1360.root 1 1 1 1 1 1
0018 panda_437620_1361.root 1 1 1 1 1 1
0018 panda_437620_1362.root 1 1 1 1 1 1
0018 panda_437620_1363.root 1 1 1 1 1 1
0019 panda_437620_1364.root 1 1 1 1 1 1
0019 panda_437620_1365.root 1 1 1 1 1 1
0019 panda_437620_1366.root 1 1 1 1 1 1
0019 panda_437620_1368.root 1 1 1 1 1 1
0019 panda_437620_1369.root 1 1 1 1 1 1
0019 panda_437620_137.root 1 1 1 1 1 1
0019 panda_437620_1370.root 1 1 1 1 1 1
0019 panda_437620_1371.root 1 1 1 1 1 1
0019 panda_437620_1372.root 1 1 1 1 1 1
0019 panda_437620_1373.root 1 1 1 1 1 1
0019 panda_437620_1374.root 1 1 1 1 1 1
0019 panda_437620_1375.root 1 1 1 1 1 1
0019 panda_437620_1376.root 1 1 1 1 1 1
0019 panda_437620_1377.root 1 1 1 1 1 1
0019 panda_437620_1378.root 1 1 1 1 1 1
0019 panda_437620_1379.root 1 1 1 1 1 1
0019 panda_437620_138.root 1 1 1 1 1 1
0019 panda_437620_1380.root 1 1 1 1 1 1
0019 panda_437620_1381.root 1 1 1 1 1 1
0019 panda_437620_1382.root 1 1 1 1 1 1
0020 panda_437620_1383.root 1 1 1 1 1 1
0020 panda_437620_1384.root 1 1 1 1 1 1
0020 panda_437620_1386.root 1 1 1 1 1 1
0020 panda_437620_1387.root 1 1 1 1 1 1
0020 panda_437620_1388.root 1 1 1 1 1 1
0020 panda_437620_1389.root 1 1 1 1 1 1
0020 panda_437620_139.root 1 1 1 1 1 1
0020 panda_437620_1390.root 1 1 1 1 1 1
0020 panda_437620_1391.root 1 1 1 1 1 1
0020 panda_437620_1392.root 1 1 1 1 1 1
0020 panda_437620_1393.root 1 1 1 1 1 1
0020 panda_437620_1394.root 1 1 1 1 1 1
0020 panda_437620_1395.root 1 1 1 1 1 1
0020 panda_437620_1396.root 1 1 1 1 1 1
0020 panda_437620_1397.root 1 1 1 1 1 1
0020 panda_437620_1398.root 1 1 1 1 1 1
0020 panda_437620_1399.root 1 1 1 1 1 1
0020 panda_437620_140.root 1 1 1 1 1 1
0020 panda_437620_1400.root 1 1 1 1 1 1
0020 panda_437620_1401.root 1 1 1 1 1 1
0021 panda_437620_1402.root 1 1 1 1 1 1
0021 panda_437620_1403.root 1 1 1 1 1 1
0021 panda_437620_1404.root 1 1 1 1 1 1
0021 panda_437620_1405.root 1 1 1 1 1 1
0021 panda_437620_1406.root 1 1 1 1 1 1
0021 panda_437620_1408.root 1 1 1 1 1 1
0021 panda_437620_1409.root 1 1 1 1 1 1
0021 panda_437620_141.root 1 1 1 1 1 1
0021 panda_437620_1410.root 1 1 1 1 1 1
0021 panda_437620_1411.root 1 1 1 1 1 1
0021 panda_437620_1412.root 1 1 1 1 1 1
0021 panda_437620_1413.root 1 1 1 1 1 1
0021 panda_437620_1414.root 1 1 1 1 1 1
0021 panda_437620_1415.root 1 1 1 1 1 1
0021 panda_437620_1416.root 1 1 1 1 1 1
0021 panda_437620_1417.root 1 1 1 1 1 1
0021 panda_437620_1418.root 1 1 1 1 1 1
0021 panda_437620_1419.root 1 1 1 1 1 1
0021 panda_437620_142.root 1 1 1 1 1 1
0021 panda_437620_1420.root 1 1 1 1 1 1
0022 panda_437620_1421.root 1 1 1 1 1 1
0022 panda_437620_1422.root 1 1 1 1 1 1
0022 panda_437620_1423.root 1 1 1 1 1 1
0022 panda_437620_1425.root 1 1 1 1 1 1
0022 panda_437620_1426.root 1 1 1 1 1 1
0022 panda_437620_1427.root 1 1 1 1 1 1
0022 panda_437620_1428.root 1 1 1 1 1 1
0022 panda_437620_1429.root 1 1 1 1 1 1
0022 panda_437620_143.root 1 1 1 1 1 1
0022 panda_437620_1430.root 1 1 1 1 1 1
0022 panda_437620_1431.root 1 1 1 1 1 1
0022 panda_437620_1432.root 1 1 1 1 1 1
0022 panda_437620_1433.root 1 1 1 1 1 1
0022 panda_437620_1434.root 1 1 1 1 1 1
0022 panda_437620_1435.root 1 1 1 1 1 1
0022 panda_437620_1436.root 1 1 1 1 1 1
0022 panda_437620_1437.root 1 1 1 1 1 1
0022 panda_437620_1438.root 1 1 1 1 1 1
0022 panda_437620_1439.root 1 1 1 1 1 1
0022 panda_437620_1440.root 1 1 1 1 1 1
0023 panda_437620_1441.root 1 1 1 1 1 1
0023 panda_437620_1442.root 1 1 1 1 1 1
0023 panda_437620_1443.root 1 1 1 1 1 1
0023 panda_437620_1444.root 1 1 1 1 1 1
0023 panda_437620_1446.root 1 1 1 1 1 1
0023 panda_437620_1447.root 1 1 1 1 1 1
0023 panda_437620_1448.root 1 1 1 1 1 1
0023 panda_437620_1449.root 1 1 1 1 1 1
0023 panda_437620_1450.root 1 1 1 1 1 1
0023 panda_437620_1451.root 1 1 1 1 1 1
0023 panda_437620_1452.root 1 1 1 1 1 1
0023 panda_437620_1453.root 1 1 1 1 1 1
0023 panda_437620_1455.root 1 1 1 1 1 1
0023 panda_437620_1457.root 1 1 1 1 1 1
0023 panda_437620_1458.root 1 1 1 1 1 1
0023 panda_437620_1459.root 1 1 1 1 1 1
0023 panda_437620_146.root 1 1 1 1 1 1
0023 panda_437620_1460.root 1 1 1 1 1 1
0023 panda_437620_1461.root 1 1 1 1 1 1
0023 panda_437620_1462.root 1 1 1 1 1 1
0024 panda_437620_1463.root 1 1 1 1 1 1
0024 panda_437620_1464.root 1 1 1 1 1 1
0024 panda_437620_1465.root 1 1 1 1 1 1
0024 panda_437620_1467.root 1 1 1 1 1 1
0024 panda_437620_147.root 1 1 1 1 1 1
0024 panda_437620_1470.root 1 1 1 1 1 1
0024 panda_437620_1471.root 1 1 1 1 1 1
0024 panda_437620_1472.root 1 1 1 1 1 1
0024 panda_437620_1473.root 1 1 1 1 1 1
0024 panda_437620_1474.root 1 1 1 1 1 1
0024 panda_437620_1475.root 1 1 1 1 1 1
0024 panda_437620_1476.root 1 1 1 1 1 1
0024 panda_437620_1477.root 1 1 1 1 1 1
0024 panda_437620_1478.root 1 1 1 1 1 1
0024 panda_437620_1479.root 1 1 1 1 1 1
0024 panda_437620_148.root 1 1 1 1 1 1
0024 panda_437620_1480.root 1 1 1 1 1 1
0024 panda_437620_1481.root 1 1 1 1 1 1
0024 panda_437620_1482.root 1 1 1 1 1 1
0024 panda_437620_1483.root 1 1 1 1 1 1
0025 panda_437620_1484.root 1 1 1 1 1 1
0025 panda_437620_1485.root 1 1 1 1 1 1
0025 panda_437620_1486.root 1 1 1 1 1 1
0025 panda_437620_1487.root 1 1 1 1 1 1
0025 panda_437620_1488.root 1 1 1 1 1 1
0025 panda_437620_1489.root 1 1 1 1 1 1
0025 panda_437620_149.root 1 1 1 1 1 1
0025 panda_437620_1490.root 1 1 1 1 1 1
0025 panda_437620_1491.root 1 1 1 1 1 1
0025 panda_437620_1492.root 1 1 1 1 1 1
0025 panda_437620_1493.root 1 1 1 1 1 1
0025 panda_437620_1494.root 1 1 1 1 1 1
0025 panda_437620_1495.root 1 1 1 1 1 1
0025 panda_437620_1496.root 1 1 1 1 1 1
0025 panda_437620_1497.root 1 1 1 1 1 1
0025 panda_437620_1498.root 1 1 1 1 1 1
0025 panda_437620_15.root 1 1 1 1 1 1
0025 panda_437620_150.root 1 1 1 1 1 1
0025 panda_437620_1501.root 1 1 1 1 1 1
0025 panda_437620_1502.root 1 1 1 1 1 1
0026 panda_437620_1503.root 1 1 1 1 1 1
0026 panda_437620_1504.root 1 1 1 1 1 1
0026 panda_437620_1505.root 1 1 1 1 1 1
0026 panda_437620_1506.root 1 1 1 1 1 1
0026 panda_437620_1507.root 1 1 1 1 1 1
0026 panda_437620_1508.root 1 1 1 1 1 1
0026 panda_437620_1509.root 1 1 1 1 1 1
0026 panda_437620_151.root 1 1 1 1 1 1
0026 panda_437620_1510.root 1 1 1 1 1 1
0026 panda_437620_1512.root 1 1 1 1 1 1
0026 panda_437620_1513.root 1 1 1 1 1 1
0026 panda_437620_1514.root 1 1 1 1 1 1
0026 panda_437620_1515.root 1 1 1 1 1 1
0026 panda_437620_1516.root 1 1 1 1 1 1
0026 panda_437620_1517.root 1 1 1 1 1 1
0026 panda_437620_1518.root 1 1 1 1 1 1
0026 panda_437620_1519.root 1 1 1 1 1 1
0026 panda_437620_152.root 1 1 1 1 1 1
0026 panda_437620_1520.root 1 1 1 1 1 1
0026 panda_437620_1521.root 1 1 1 1 1 1
0027 panda_437620_1522.root 1 1 1 1 1 1
0027 panda_437620_1524.root 1 1 1 1 1 1
0027 panda_437620_1525.root 1 1 1 1 1 1
0027 panda_437620_1526.root 1 1 1 1 1 1
0027 panda_437620_1527.root 1 1 1 1 1 1
0027 panda_437620_1528.root 1 1 1 1 1 1
0027 panda_437620_1529.root 1 1 1 1 1 1
0027 panda_437620_153.root 1 1 1 1 1 1
0027 panda_437620_1530.root 1 1 1 1 1 1
0027 panda_437620_1532.root 1 1 1 1 1 1
0027 panda_437620_1533.root 1 1 1 1 1 1
0027 panda_437620_1534.root 1 1 1 1 1 1
0027 panda_437620_1535.root 1 1 1 1 1 1
0027 panda_437620_1536.root 1 1 1 1 1 1
0027 panda_437620_1538.root 1 1 1 1 1 1
0027 panda_437620_1539.root 1 1 1 1 1 1
0027 panda_437620_154.root 1 1 1 1 1 1
0027 panda_437620_1540.root 1 1 1 1 1 1
0027 panda_437620_1541.root 1 1 1 1 1 1
0027 panda_437620_1542.root 1 1 1 1 1 1
0028 panda_437620_1544.root 1 1 1 1 1 1
0028 panda_437620_1545.root 1 1 1 1 1 1
0028 panda_437620_1546.root 1 1 1 1 1 1
0028 panda_437620_1547.root 1 1 1 1 1 1
0028 panda_437620_1548.root 1 1 1 1 1 1
0028 panda_437620_1549.root 1 1 1 1 1 1
0028 panda_437620_155.root 1 1 1 1 1 1
0028 panda_437620_1551.root 1 1 1 1 1 1
0028 panda_437620_1552.root 1 1 1 1 1 1
0028 panda_437620_1553.root 1 1 1 1 1 1
0028 panda_437620_1555.root 1 1 1 1 1 1
0028 panda_437620_1557.root 1 1 1 1 1 1
0028 panda_437620_1558.root 1 1 1 1 1 1
0028 panda_437620_1559.root 1 1 1 1 1 1
0028 panda_437620_156.root 1 1 1 1 1 1
0028 panda_437620_1560.root 1 1 1 1 1 1
0028 panda_437620_1561.root 1 1 1 1 1 1
0028 panda_437620_1563.root 1 1 1 1 1 1
0028 panda_437620_1564.root 1 1 1 1 1 1
0028 panda_437620_1565.root 1 1 1 1 1 1
0029 panda_437620_1566.root 1 1 1 1 1 1
0029 panda_437620_1567.root 1 1 1 1 1 1
0029 panda_437620_1568.root 1 1 1 1 1 1
0029 panda_437620_1569.root 1 1 1 1 1 1
0029 panda_437620_157.root 1 1 1 1 1 1
0029 panda_437620_1570.root 1 1 1 1 1 1
0029 panda_437620_1571.root 1 1 1 1 1 1
0029 panda_437620_1572.root 1 1 1 1 1 1
0029 panda_437620_1574.root 1 1 1 1 1 1
0029 panda_437620_1575.root 1 1 1 1 1 1
0029 panda_437620_1576.root 1 1 1 1 1 1
0029 panda_437620_1577.root 1 1 1 1 1 1
0029 panda_437620_1578.root 1 1 1 1 1 1
0029 panda_437620_1579.root 1 1 1 1 1 1
0029 panda_437620_158.root 1 1 1 1 1 1
0029 panda_437620_1580.root 1 1 1 1 1 1
0029 panda_437620_1581.root 1 1 1 1 1 1
0029 panda_437620_1582.root 1 1 1 1 1 1
0029 panda_437620_1583.root 1 1 1 1 1 1
0029 panda_437620_1584.root 1 1 1 1 1 1
0030 panda_437620_1585.root 1 1 1 1 1 1
0030 panda_437620_1586.root 1 1 1 1 1 1
0030 panda_437620_1587.root 1 1 1 1 1 1
0030 panda_437620_1589.root 1 1 1 1 1 1
0030 panda_437620_159.root 1 1 1 1 1 1
0030 panda_437620_1590.root 1 1 1 1 1 1
0030 panda_437620_1591.root 1 1 1 1 1 1
0030 panda_437620_1592.root 1 1 1 1 1 1
0030 panda_437620_1593.root 1 1 1 1 1 1
0030 panda_437620_1594.root 1 1 1 1 1 1
0030 panda_437620_1595.root 1 1 1 1 1 1
0030 panda_437620_1596.root 1 1 1 1 1 1
0030 panda_437620_1597.root 1 1 1 1 1 1
0030 panda_437620_1599.root 1 1 1 1 1 1
0030 panda_437620_160.root 1 1 1 1 1 1
0030 panda_437620_1600.root 1 1 1 1 1 1
0030 panda_437620_1601.root 1 1 1 1 1 1
0030 panda_437620_1603.root 1 1 1 1 1 1
0030 panda_437620_1604.root 1 1 1 1 1 1
0030 panda_437620_1605.root 1 1 1 1 1 1
0031 panda_437620_1606.root 1 1 1 1 1 1
0031 panda_437620_1609.root 1 1 1 1 1 1
0031 panda_437620_161.root 1 1 1 1 1 1
0031 panda_437620_1610.root 1 1 1 1 1 1
0031 panda_437620_1611.root 1 1 1 1 1 1
0031 panda_437620_1612.root 1 1 1 1 1 1
0031 panda_437620_1613.root 1 1 1 1 1 1
0031 panda_437620_1614.root 1 1 1 1 1 1
0031 panda_437620_1615.root 1 1 1 1 1 1
0031 panda_437620_1616.root 1 1 1 1 1 1
0031 panda_437620_1617.root 1 1 1 1 1 1
0031 panda_437620_1618.root 1 1 1 1 1 1
0031 panda_437620_1619.root 1 1 1 1 1 1
0031 panda_437620_162.root 1 1 1 1 1 1
0031 panda_437620_1620.root 1 1 1 1 1 1
0031 panda_437620_1621.root 1 1 1 1 1 1
0031 panda_437620_1622.root 1 1 1 1 1 1
0031 panda_437620_1623.root 1 1 1 1 1 1
0031 panda_437620_1624.root 1 1 1 1 1 1
0031 panda_437620_1625.root 1 1 1 1 1 1
0032 panda_437620_1626.root 1 1 1 1 1 1
0032 panda_437620_1627.root 1 1 1 1 1 1
0032 panda_437620_1628.root 1 1 1 1 1 1
0032 panda_437620_1629.root 1 1 1 1 1 1
0032 panda_437620_163.root 1 1 1 1 1 1
0032 panda_437620_1630.root 1 1 1 1 1 1
0032 panda_437620_1631.root 1 1 1 1 1 1
0032 panda_437620_1634.root 1 1 1 1 1 1
0032 panda_437620_1635.root 1 1 1 1 1 1
0032 panda_437620_1636.root 1 1 1 1 1 1
0032 panda_437620_1637.root 1 1 1 1 1 1
0032 panda_437620_1638.root 1 1 1 1 1 1
0032 panda_437620_1639.root 1 1 1 1 1 1
0032 panda_437620_164.root 1 1 1 1 1 1
0032 panda_437620_1640.root 1 1 1 1 1 1
0032 panda_437620_1641.root 1 1 1 1 1 1
0032 panda_437620_1642.root 1 1 1 1 1 1
0032 panda_437620_1643.root 1 1 1 1 1 1
0032 panda_437620_1644.root 1 1 1 1 1 1
0032 panda_437620_1645.root 1 1 1 1 1 1
0033 panda_437620_1646.root 1 1 1 1 1 1
0033 panda_437620_1647.root 1 1 1 1 1 1
0033 panda_437620_1648.root 1 1 1 1 1 1
0033 panda_437620_1649.root 1 1 1 1 1 1
0033 panda_437620_1650.root 1 1 1 1 1 1
0033 panda_437620_1651.root 1 1 1 1 1 1
0033 panda_437620_1652.root 1 1 1 1 1 1
0033 panda_437620_1653.root 1 1 1 1 1 1
0033 panda_437620_1654.root 1 1 1 1 1 1
0033 panda_437620_1655.root 1 1 1 1 1 1
0033 panda_437620_1656.root 1 1 1 1 1 1
0033 panda_437620_1657.root 1 1 1 1 1 1
0033 panda_437620_1658.root 1 1 1 1 1 1
0033 panda_437620_1659.root 1 1 1 1 1 1
0033 panda_437620_166.root 1 1 1 1 1 1
0033 panda_437620_1661.root 1 1 1 1 1 1
0033 panda_437620_1662.root 1 1 1 1 1 1
0033 panda_437620_1663.root 1 1 1 1 1 1
0033 panda_437620_1664.root 1 1 1 1 1 1
0033 panda_437620_1665.root 1 1 1 1 1 1
0034 panda_437620_1666.root 1 1 1 1 1 1
0034 panda_437620_1667.root 1 1 1 1 1 1
0034 panda_437620_1668.root 1 1 1 1 1 1
0034 panda_437620_1669.root 1 1 1 1 1 1
0034 panda_437620_167.root 1 1 1 1 1 1
0034 panda_437620_1670.root 1 1 1 1 1 1
0034 panda_437620_1671.root 1 1 1 1 1 1
0034 panda_437620_1672.root 1 1 1 1 1 1
0034 panda_437620_1673.root 1 1 1 1 1 1
0034 panda_437620_1674.root 1 1 1 1 1 1
0034 panda_437620_1675.root 1 1 1 1 1 1
0034 panda_437620_1676.root 1 1 1 1 1 1
0034 panda_437620_1677.root 1 1 1 1 1 1
0034 panda_437620_1678.root 1 1 1 1 1 1
0034 panda_437620_1679.root 1 1 1 1 1 1
0034 panda_437620_168.root 1 1 1 1 1 1
0034 panda_437620_1680.root 1 1 1 1 1 1
0034 panda_437620_1681.root 1 1 1 1 1 1
0034 panda_437620_1682.root 1 1 1 1 1 1
0034 panda_437620_1683.root 1 1 1 1 1 1
0035 panda_437620_1684.root 1 1 1 1 1 1
0035 panda_437620_1685.root 1 1 1 1 1 1
0035 panda_437620_1686.root 1 1 1 1 1 1
0035 panda_437620_1687.root 1 1 1 1 1 1
0035 panda_437620_1688.root 1 1 1 1 1 1
0035 panda_437620_1689.root 1 1 1 1 1 1
0035 panda_437620_169.root 1 1 1 1 1 1
0035 panda_437620_1690.root 1 1 1 1 1 1
0035 panda_437620_1691.root 1 1 1 1 1 1
0035 panda_437620_1692.root 1 1 1 1 1 1
0035 panda_437620_1693.root 1 1 1 1 1 1
0035 panda_437620_1694.root 1 1 1 1 1 1
0035 panda_437620_1696.root 1 1 1 1 1 1
0035 panda_437620_1697.root 1 1 1 1 1 1
0035 panda_437620_1698.root 1 1 1 1 1 1
0035 panda_437620_1699.root 1 1 1 1 1 1
0035 panda_437620_17.root 1 1 1 1 1 1
0035 panda_437620_170.root 1 1 1 1 1 1
0035 panda_437620_1700.root 1 1 1 1 1 1
0035 panda_437620_1701.root 1 1 1 1 1 1
0036 panda_437620_1702.root 1 1 1 1 1 1
0036 panda_437620_1705.root 1 1 1 1 1 1
0036 panda_437620_1706.root 1 1 1 1 1 1
0036 panda_437620_1707.root 1 1 1 1 1 1
0036 panda_437620_1708.root 1 1 1 1 1 1
0036 panda_437620_1709.root 1 1 1 1 1 1
0036 panda_437620_171.root 1 1 1 1 1 1
0036 panda_437620_1710.root 1 1 1 1 1 1
0036 panda_437620_1711.root 1 1 1 1 1 1
0036 panda_437620_1712.root 1 1 1 1 1 1
0036 panda_437620_1714.root 1 1 1 1 1 1
0036 panda_437620_1715.root 1 1 1 1 1 1
0036 panda_437620_1716.root 1 1 1 1 1 1
0036 panda_437620_1717.root 1 1 1 1 1 1
0036 panda_437620_1718.root 1 1 1 1 1 1
0036 panda_437620_1719.root 1 1 1 1 1 1
0036 panda_437620_172.root 1 1 1 1 1 1
0036 panda_437620_1720.root 1 1 1 1 1 1
0036 panda_437620_1721.root 1 1 1 1 1 1
0036 panda_437620_1722.root 1 1 1 1 1 1
0037 panda_437620_1723.root 1 1 1 1 1 1
0037 panda_437620_1724.root 1 1 1 1 1 1
0037 panda_437620_1725.root 1 1 1 1 1 1
0037 panda_437620_1726.root 1 1 1 1 1 1
0037 panda_437620_1727.root 1 1 1 1 1 1
0037 panda_437620_1728.root 1 1 1 1 1 1
0037 panda_437620_1729.root 1 1 1 1 1 1
0037 panda_437620_173.root 1 1 1 1 1 1
0037 panda_437620_1730.root 1 1 1 1 1 1
0037 panda_437620_1731.root 1 1 1 1 1 1
0037 panda_437620_1732.root 1 1 1 1 1 1
0037 panda_437620_1733.root 1 1 1 1 1 1
0037 panda_437620_1735.root 1 1 1 1 1 1
0037 panda_437620_1736.root 1 1 1 1 1 1
0037 panda_437620_1737.root 1 1 1 1 1 1
0037 panda_437620_1738.root 1 1 1 1 1 1
0037 panda_437620_1739.root 1 1 1 1 1 1
0037 panda_437620_174.root 1 1 1 1 1 1
0037 panda_437620_1740.root 1 1 1 1 1 1
0037 panda_437620_1741.root 1 1 1 1 1 1
0038 panda_437620_1742.root 1 1 1 1 1 1
0038 panda_437620_1743.root 1 1 1 1 1 1
0038 panda_437620_1744.root 1 1 1 1 1 1
0038 panda_437620_1745.root 1 1 1 1 1 1
0038 panda_437620_1746.root 1 1 1 1 1 1
0038 panda_437620_1747.root 1 1 1 1 1 1
0038 panda_437620_1748.root 1 1 1 1 1 1
0038 panda_437620_1749.root 1 1 1 1 1 1
0038 panda_437620_1750.root 1 1 1 1 1 1
0038 panda_437620_1751.root 1 1 1 1 1 1
0038 panda_437620_1752.root 1 1 1 1 1 1
0038 panda_437620_1753.root 1 1 1 1 1 1
0038 panda_437620_1755.root 1 1 1 1 1 1
0038 panda_437620_1757.root 1 1 1 1 1 1
0038 panda_437620_1758.root 1 1 1 1 1 1
0038 panda_437620_176.root 1 1 1 1 1 1
0038 panda_437620_1760.root 1 1 1 1 1 1
0038 panda_437620_1761.root 1 1 1 1 1 1
0038 panda_437620_1763.root 1 1 1 1 1 1
0038 panda_437620_1764.root 1 1 1 1 1 1
0039 panda_437620_1765.root 1 1 1 1 1 1
0039 panda_437620_1766.root 1 1 1 1 1 1
0039 panda_437620_1767.root 1 1 1 1 1 1
0039 panda_437620_1768.root 1 1 1 1 1 1
0039 panda_437620_1769.root 1 1 1 1 1 1
0039 panda_437620_177.root 1 1 1 1 1 1
0039 panda_437620_1770.root 1 1 1 1 1 1
0039 panda_437620_1771.root 1 1 1 1 1 1
0039 panda_437620_1772.root 1 1 1 1 1 1
0039 panda_437620_1773.root 1 1 1 1 1 1
0039 panda_437620_1774.root 1 1 1 1 1 1
0039 panda_437620_1775.root 1 1 1 1 1 1
0039 panda_437620_1777.root 1 1 1 1 1 1
0039 panda_437620_1778.root 1 1 1 1 1 1
0039 panda_437620_1779.root 1 1 1 1 1 1
0039 panda_437620_178.root 1 1 1 1 1 1
0039 panda_437620_1780.root 1 1 1 1 1 1
0039 panda_437620_1781.root 1 1 1 1 1 1
0039 panda_437620_1782.root 1 1 1 1 1 1
0039 panda_437620_1783.root 1 1 1 1 1 1
0040 panda_437620_1784.root 1 1 1 1 1 1
0040 panda_437620_1785.root 1 1 1 1 1 1
0040 panda_437620_1786.root 1 1 1 1 1 1
0040 panda_437620_1788.root 1 1 1 1 1 1
0040 panda_437620_1789.root 1 1 1 1 1 1
0040 panda_437620_179.root 1 1 1 1 1 1
0040 panda_437620_1791.root 1 1 1 1 1 1
0040 panda_437620_1792.root 1 1 1 1 1 1
0040 panda_437620_1793.root 1 1 1 1 1 1
0040 panda_437620_1794.root 1 1 1 1 1 1
0040 panda_437620_1795.root 1 1 1 1 1 1
0040 panda_437620_1796.root 1 1 1 1 1 1
0040 panda_437620_1797.root 1 1 1 1 1 1
0040 panda_437620_1798.root 1 1 1 1 1 1
0040 panda_437620_1799.root 1 1 1 1 1 1
0040 panda_437620_180.root 1 1 1 1 1 1
0040 panda_437620_1800.root 1 1 1 1 1 1
0040 panda_437620_1801.root 1 1 1 1 1 1
0040 panda_437620_1803.root 1 1 1 1 1 1
0040 panda_437620_1805.root 1 1 1 1 1 1
0041 panda_437620_1806.root 1 1 1 1 1 1
0041 panda_437620_1807.root 1 1 1 1 1 1
0041 panda_437620_1808.root 1 1 1 1 1 1
0041 panda_437620_1809.root 1 1 1 1 1 1
0041 panda_437620_181.root 1 1 1 1 1 1
0041 panda_437620_1810.root 1 1 1 1 1 1
0041 panda_437620_1811.root 1 1 1 1 1 1
0041 panda_437620_1812.root 1 1 1 1 1 1
0041 panda_437620_1813.root 1 1 1 1 1 1
0041 panda_437620_1814.root 1 1 1 1 1 1
0041 panda_437620_1815.root 1 1 1 1 1 1
0041 panda_437620_1816.root 1 1 1 1 1 1
0041 panda_437620_1817.root 1 1 1 1 1 1
0041 panda_437620_1818.root 1 1 1 1 1 1
0041 panda_437620_1819.root 1 1 1 1 1 1
0041 panda_437620_1820.root 1 1 1 1 1 1
0041 panda_437620_1821.root 1 1 1 1 1 1
0041 panda_437620_1823.root 1 1 1 1 1 1
0041 panda_437620_1824.root 1 1 1 1 1 1
0041 panda_437620_1825.root 1 1 1 1 1 1
0042 panda_437620_1827.root 1 1 1 1 1 1
0042 panda_437620_1828.root 1 1 1 1 1 1
0042 panda_437620_1829.root 1 1 1 1 1 1
0042 panda_437620_1830.root 1 1 1 1 1 1
0042 panda_437620_1831.root 1 1 1 1 1 1
0042 panda_437620_1833.root 1 1 1 1 1 1
0042 panda_437620_1834.root 1 1 1 1 1 1
0042 panda_437620_1835.root 1 1 1 1 1 1
0042 panda_437620_1836.root 1 1 1 1 1 1
0042 panda_437620_1837.root 1 1 1 1 1 1
0042 panda_437620_1838.root 1 1 1 1 1 1
0042 panda_437620_1839.root 1 1 1 1 1 1
0042 panda_437620_1840.root 1 1 1 1 1 1
0042 panda_437620_1841.root 1 1 1 1 1 1
0042 panda_437620_1842.root 1 1 1 1 1 1
0042 panda_437620_1843.root 1 1 1 1 1 1
0042 panda_437620_1844.root 1 1 1 1 1 1
0042 panda_437620_1845.root 1 1 1 1 1 1
0042 panda_437620_1846.root 1 1 1 1 1 1
0042 panda_437620_1847.root 1 1 1 1 1 1
0043 panda_437620_1848.root 1 1 1 1 1 1
0043 panda_437620_1849.root 1 1 1 1 1 1
0043 panda_437620_1850.root 1 1 1 1 1 1
0043 panda_437620_1851.root 1 1 1 1 1 1
0043 panda_437620_1852.root 1 1 1 1 1 1
0043 panda_437620_1853.root 1 1 1 1 1 1
0043 panda_437620_1854.root 1 1 1 1 1 1
0043 panda_437620_1855.root 1 1 1 1 1 1
0043 panda_437620_1856.root 1 1 1 1 1 1
0043 panda_437620_1857.root 1 1 1 1 1 1
0043 panda_437620_1858.root 1 1 1 1 1 1
0043 panda_437620_1859.root 1 1 1 1 1 1
0043 panda_437620_186.root 1 1 1 1 1 1
0043 panda_437620_1860.root 1 1 1 1 1 1
0043 panda_437620_1861.root 1 1 1 1 1 1
0043 panda_437620_1862.root 1 1 1 1 1 1
0043 panda_437620_1863.root 1 1 1 1 1 1
0043 panda_437620_1864.root 1 1 1 1 1 1
0043 panda_437620_1865.root 1 1 1 1 1 1
0043 panda_437620_1866.root 1 1 1 1 1 1
0044 panda_437620_1867.root 1 1 1 1 1 1
0044 panda_437620_1868.root 1 1 1 1 1 1
0044 panda_437620_1869.root 1 1 1 1 1 1
0044 panda_437620_187.root 1 1 1 1 1 1
0044 panda_437620_1870.root 1 1 1 1 1 1
0044 panda_437620_1871.root 1 1 1 1 1 1
0044 panda_437620_1872.root 1 1 1 1 1 1
0044 panda_437620_1873.root 1 1 1 1 1 1
0044 panda_437620_1874.root 1 1 1 1 1 1
0044 panda_437620_1875.root 1 1 1 1 1 1
0044 panda_437620_1876.root 1 1 1 1 1 1
0044 panda_437620_1877.root 1 1 1 1 1 1
0044 panda_437620_1878.root 1 1 1 1 1 1
0044 panda_437620_1880.root 1 1 1 1 1 1
0044 panda_437620_1881.root 1 1 1 1 1 1
0044 panda_437620_1882.root 1 1 1 1 1 1
0044 panda_437620_1883.root 1 1 1 1 1 1
0044 panda_437620_1884.root 1 1 1 1 1 1
0044 panda_437620_1885.root 1 1 1 1 1 1
0044 panda_437620_1887.root 1 1 1 1 1 1
0045 panda_437620_1888.root 1 1 1 1 1 1
0045 panda_437620_189.root 1 1 1 1 1 1
0045 panda_437620_1890.root 1 1 1 1 1 1
0045 panda_437620_1891.root 1 1 1 1 1 1
0045 panda_437620_1892.root 1 1 1 1 1 1
0045 panda_437620_1893.root 1 1 1 1 1 1
0045 panda_437620_1894.root 1 1 1 1 1 1
0045 panda_437620_1895.root 1 1 1 1 1 1
0045 panda_437620_1896.root 1 1 1 1 1 1
0045 panda_437620_1897.root 1 1 1 1 1 1
0045 panda_437620_1898.root 1 1 1 1 1 1
0045 panda_437620_1899.root 1 1 1 1 1 1
0045 panda_437620_1900.root 1 1 1 1 1 1
0045 panda_437620_1901.root 1 1 1 1 1 1
0045 panda_437620_1902.root 1 1 1 1 1 1
0045 panda_437620_1903.root 1 1 1 1 1 1
0045 panda_437620_1904.root 1 1 1 1 1 1
0045 panda_437620_1905.root 1 1 1 1 1 1
0045 panda_437620_1907.root 1 1 1 1 1 1
0045 panda_437620_191.root 1 1 1 1 1 1
0046 panda_437620_1910.root 1 1 1 1 1 1
0046 panda_437620_1911.root 1 1 1 1 1 1
0046 panda_437620_1912.root 1 1 1 1 1 1
0046 panda_437620_1913.root 1 1 1 1 1 1
0046 panda_437620_1914.root 1 1 1 1 1 1
0046 panda_437620_1915.root 1 1 1 1 1 1
0046 panda_437620_1916.root 1 1 1 1 1 1
0046 panda_437620_1917.root 1 1 1 1 1 1
0046 panda_437620_1918.root 1 1 1 1 1 1
0046 panda_437620_1919.root 1 1 1 1 1 1
0046 panda_437620_1920.root 1 1 1 1 1 1
0046 panda_437620_1921.root 1 1 1 1 1 1
0046 panda_437620_1922.root 1 1 1 1 1 1
0046 panda_437620_1924.root 1 1 1 1 1 1
0046 panda_437620_1925.root 1 1 1 1 1 1
0046 panda_437620_1926.root 1 1 1 1 1 1
0046 panda_437620_1927.root 1 1 1 1 1 1
0046 panda_437620_1928.root 1 1 1 1 1 1
0046 panda_437620_1929.root 1 1 1 1 1 1
0046 panda_437620_1930.root 1 1 1 1 1 1
0047 panda_437620_1931.root 1 1 1 1 1 1
0047 panda_437620_1932.root 1 1 1 1 1 1
0047 panda_437620_1933.root 1 1 1 1 1 1
0047 panda_437620_1935.root 1 1 1 1 1 1
0047 panda_437620_1937.root 1 1 1 1 1 1
0047 panda_437620_1938.root 1 1 1 1 1 1
0047 panda_437620_1939.root 1 1 1 1 1 1
0047 panda_437620_1940.root 1 1 1 1 1 1
0047 panda_437620_1941.root 1 1 1 1 1 1
0047 panda_437620_1942.root 1 1 1 1 1 1
0047 panda_437620_1943.root 1 1 1 1 1 1
0047 panda_437620_1944.root 1 1 1 1 1 1
0047 panda_437620_1945.root 1 1 1 1 1 1
0047 panda_437620_1946.root 1 1 1 1 1 1
0047 panda_437620_1947.root 1 1 1 1 1 1
0047 panda_437620_1948.root 1 1 1 1 1 1
0047 panda_437620_1949.root 1 1 1 1 1 1
0047 panda_437620_1950.root 1 1 1 1 1 1
0047 panda_437620_1951.root 1 1 1 1 1 1
0047 panda_437620_1952.root 1 1 1 1 1 1
0048 panda_437620_1953.root 1 1 1 1 1 1
0048 panda_437620_1954.root 1 1 1 1 1 1
0048 panda_437620_1955.root 1 1 1 1 1 1
0048 panda_437620_1956.root 1 1 1 1 1 1
0048 panda_437620_1957.root 1 1 1 1 1 1
0048 panda_437620_1958.root 1 1 1 1 1 1
0048 panda_437620_1959.root 1 1 1 1 1 1
0048 panda_437620_1960.root 1 1 1 1 1 1
0048 panda_437620_1961.root 1 1 1 1 1 1
0048 panda_437620_1962.root 1 1 1 1 1 1
0048 panda_437620_1963.root 1 1 1 1 1 1
0048 panda_437620_1964.root 1 1 1 1 1 1
0048 panda_437620_1965.root 1 1 1 1 1 1
0048 panda_437620_1966.root 1 1 1 1 1 1
0048 panda_437620_1967.root 1 1 1 1 1 1
0048 panda_437620_1968.root 1 1 1 1 1 1
0048 panda_437620_1969.root 1 1 1 1 1 1
0048 panda_437620_1970.root 1 1 1 1 1 1
0048 panda_437620_1971.root 1 1 1 1 1 1
0048 panda_437620_1972.root 1 1 1 1 1 1
0049 panda_437620_1973.root 1 1 1 1 1 1
0049 panda_437620_1974.root 1 1 1 1 1 1
0049 panda_437620_1975.root 1 1 1 1 1 1
0049 panda_437620_1976.root 1 1 1 1 1 1
0049 panda_437620_1977.root 1 1 1 1 1 1
0049 panda_437620_1978.root 1 1 1 1 1 1
0049 panda_437620_1979.root 1 1 1 1 1 1
0049 panda_437620_198.root 1 1 1 1 1 1
0049 panda_437620_1980.root 1 1 1 1 1 1
0049 panda_437620_1981.root 1 1 1 1 1 1
0049 panda_437620_1982.root 1 1 1 1 1 1
0049 panda_437620_1983.root 1 1 1 1 1 1
0049 panda_437620_1984.root 1 1 1 1 1 1
0049 panda_437620_1985.root 1 1 1 1 1 1
0049 panda_437620_1986.root 1 1 1 1 1 1
0049 panda_437620_1987.root 1 1 1 1 1 1
0049 panda_437620_1988.root 1 1 1 1 1 1
0049 panda_437620_1989.root 1 1 1 1 1 1
0049 panda_437620_1990.root 1 1 1 1 1 1
0049 panda_437620_1992.root 1 1 1 1 1 1
0050 panda_437620_1993.root 1 1 1 1 1 1
0050 panda_437620_1994.root 1 1 1 1 1 1
0050 panda_437620_1995.root 1 1 1 1 1 1
0050 panda_437620_1996.root 1 1 1 1 1 1
0050 panda_437620_1997.root 1 1 1 1 1 1
0050 panda_437620_1998.root 1 1 1 1 1 1
0050 panda_437620_1999.root 1 1 1 1 1 1
0050 panda_437620_2.root 1 1 1 1 1 1
0050 panda_437620_20.root 1 1 1 1 1 1
0050 panda_437620_2000.root 1 1 1 1 1 1
0050 panda_437620_2001.root 1 1 1 1 1 1
0050 panda_437620_2002.root 1 1 1 1 1 1
0050 panda_437620_2004.root 1 1 1 1 1 1
0050 panda_437620_2005.root 1 1 1 1 1 1
0050 panda_437620_2006.root 1 1 1 1 1 1
0050 panda_437620_2007.root 1 1 1 1 1 1
0050 panda_437620_2008.root 1 1 1 1 1 1
0050 panda_437620_2009.root 1 1 1 1 1 1
0050 panda_437620_2010.root 1 1 1 1 1 1
0050 panda_437620_2011.root 1 1 1 1 1 1
0051 panda_437620_2012.root 1 1 1 1 1 1
0051 panda_437620_2013.root 1 1 1 1 1 1
0051 panda_437620_2014.root 1 1 1 1 1 1
0051 panda_437620_2015.root 1 1 1 1 1 1
0051 panda_437620_2016.root 1 1 1 1 1 1
0051 panda_437620_2017.root 1 1 1 1 1 1
0051 panda_437620_2018.root 1 1 1 1 1 1
0051 panda_437620_2019.root 1 1 1 1 1 1
0051 panda_437620_2020.root 1 1 1 1 1 1
0051 panda_437620_2021.root 1 1 1 1 1 1
0051 panda_437620_2023.root 1 1 1 1 1 1
0051 panda_437620_2024.root 1 1 1 1 1 1
0051 panda_437620_2025.root 1 1 1 1 1 1
0051 panda_437620_2026.root 1 1 1 1 1 1
0051 panda_437620_2027.root 1 1 1 1 1 1
0051 panda_437620_2028.root 1 1 1 1 1 1
0051 panda_437620_2029.root 1 1 1 1 1 1
0051 panda_437620_2030.root 1 1 1 1 1 1
0051 panda_437620_2031.root 1 1 1 1 1 1
0051 panda_437620_2032.root 1 1 1 1 1 1
0052 panda_437620_2033.root 1 1 1 1 1 1
0052 panda_437620_2034.root 1 1 1 1 1 1
0052 panda_437620_2035.root 1 1 1 1 1 1
0052 panda_437620_2036.root 1 1 1 1 1 1
0052 panda_437620_2037.root 1 1 1 1 1 1
0052 panda_437620_2038.root 1 1 1 1 1 1
0052 panda_437620_2039.root 1 1 1 1 1 1
0052 panda_437620_2040.root 1 1 1 1 1 1
0052 panda_437620_2042.root 1 1 1 1 1 1
0052 panda_437620_2043.root 1 1 1 1 1 1
0052 panda_437620_2044.root 1 1 1 1 1 1
0052 panda_437620_2045.root 1 1 1 1 1 1
0052 panda_437620_2046.root 1 1 1 1 1 1
0052 panda_437620_2047.root 1 1 1 1 1 1
0052 panda_437620_2048.root 1 1 1 1 1 1
0052 panda_437620_2050.root 1 1 1 1 1 1
0052 panda_437620_2051.root 1 1 1 1 1 1
0052 panda_437620_2052.root 1 1 1 1 1 1
0052 panda_437620_2053.root 1 1 1 1 1 1
0052 panda_437620_2054.root 1 1 1 1 1 1
0053 panda_437620_2056.root 1 1 1 1 1 1
0053 panda_437620_2057.root 1 1 1 1 1 1
0053 panda_437620_2058.root 1 1 1 1 1 1
0053 panda_437620_2059.root 1 1 1 1 1 1
0053 panda_437620_2060.root 1 1 1 1 1 1
0053 panda_437620_2061.root 1 1 1 1 1 1
0053 panda_437620_2062.root 1 1 1 1 1 1
0053 panda_437620_2063.root 1 1 1 1 1 1
0053 panda_437620_2064.root 1 1 1 1 1 1
0053 panda_437620_2065.root 1 1 1 1 1 1
0053 panda_437620_2066.root 1 1 1 1 1 1
0053 panda_437620_2067.root 1 1 1 1 1 1
0053 panda_437620_2068.root 1 1 1 1 1 1
0053 panda_437620_2069.root 1 1 1 1 1 1
0053 panda_437620_2070.root 1 1 1 1 1 1
0053 panda_437620_2071.root 1 1 1 1 1 1
0053 panda_437620_2072.root 1 1 1 1 1 1
0053 panda_437620_2073.root 1 1 1 1 1 1
0053 panda_437620_2074.root 1 1 1 1 1 1
0053 panda_437620_2075.root 1 1 1 1 1 1
0054 panda_437620_2076.root 1 1 1 1 1 1
0054 panda_437620_2077.root 1 1 1 1 1 1
0054 panda_437620_2078.root 1 1 1 1 1 1
0054 panda_437620_2079.root 1 1 1 1 1 1
0054 panda_437620_2080.root 1 1 1 1 1 1
0054 panda_437620_2081.root 1 1 1 1 1 1
0054 panda_437620_2082.root 1 1 1 1 1 1
0054 panda_437620_2083.root 1 1 1 1 1 1
0054 panda_437620_2084.root 1 1 1 1 1 1
0054 panda_437620_2085.root 1 1 1 1 1 1
0054 panda_437620_2086.root 1 1 1 1 1 1
0054 panda_437620_2087.root 1 1 1 1 1 1
0054 panda_437620_2088.root 1 1 1 1 1 1
0054 panda_437620_2089.root 1 1 1 1 1 1
0054 panda_437620_2090.root 1 1 1 1 1 1
0054 panda_437620_2091.root 1 1 1 1 1 1
0054 panda_437620_2092.root 1 1 1 1 1 1
0054 panda_437620_2093.root 1 1 1 1 1 1
0054 panda_437620_2094.root 1 1 1 1 1 1
0054 panda_437620_2095.root 1 1 1 1 1 1
0055 panda_437620_2096.root 1 1 1 1 1 1
0055 panda_437620_2097.root 1 1 1 1 1 1
0055 panda_437620_2098.root 1 1 1 1 1 1
0055 panda_437620_21.root 1 1 1 1 1 1
0055 panda_437620_2101.root 1 1 1 1 1 1
0055 panda_437620_2102.root 1 1 1 1 1 1
0055 panda_437620_2103.root 1 1 1 1 1 1
0055 panda_437620_2104.root 1 1 1 1 1 1
0055 panda_437620_2106.root 1 1 1 1 1 1
0055 panda_437620_2107.root 1 1 1 1 1 1
0055 panda_437620_2109.root 1 1 1 1 1 1
0055 panda_437620_2110.root 1 1 1 1 1 1
0055 panda_437620_2111.root 1 1 1 1 1 1
0055 panda_437620_2112.root 1 1 1 1 1 1
0055 panda_437620_2113.root 1 1 1 1 1 1
0055 panda_437620_2114.root 1 1 1 1 1 1
0055 panda_437620_2115.root 1 1 1 1 1 1
0055 panda_437620_2116.root 1 1 1 1 1 1
0055 panda_437620_2117.root 1 1 1 1 1 1
0055 panda_437620_2118.root 1 1 1 1 1 1
0056 panda_437620_2119.root 1 1 1 1 1 1
0056 panda_437620_2120.root 1 1 1 1 1 1
0056 panda_437620_2121.root 1 1 1 1 1 1
0056 panda_437620_2122.root 1 1 1 1 1 1
0056 panda_437620_2123.root 1 1 1 1 1 1
0056 panda_437620_2124.root 1 1 1 1 1 1
0056 panda_437620_2125.root 1 1 1 1 1 1
0056 panda_437620_2126.root 1 1 1 1 1 1
0056 panda_437620_2127.root 1 1 1 1 1 1
0056 panda_437620_2128.root 1 1 1 1 1 1
0056 panda_437620_2129.root 1 1 1 1 1 1
0056 panda_437620_213.root 1 1 1 1 1 1
0056 panda_437620_2132.root 1 1 1 1 1 1
0056 panda_437620_2133.root 1 1 1 1 1 1
0056 panda_437620_2134.root 1 1 1 1 1 1
0056 panda_437620_2135.root 1 1 1 1 1 1
0056 panda_437620_2136.root 1 1 1 1 1 1
0056 panda_437620_2137.root 1 1 1 1 1 1
0056 panda_437620_2138.root 1 1 1 1 1 1
0056 panda_437620_2139.root 1 1 1 1 1 1
0057 panda_437620_2140.root 1 1 1 1 1 1
0057 panda_437620_2141.root 1 1 1 1 1 1
0057 panda_437620_2142.root 1 1 1 1 1 1
0057 panda_437620_2143.root 1 1 1 1 1 1
0057 panda_437620_2144.root 1 1 1 1 1 1
0057 panda_437620_2145.root 1 1 1 1 1 1
0057 panda_437620_2146.root 1 1 1 1 1 1
0057 panda_437620_2147.root 1 1 1 1 1 1
0057 panda_437620_2148.root 1 1 1 1 1 1
0057 panda_437620_2149.root 1 1 1 1 1 1
0057 panda_437620_2150.root 1 1 1 1 1 1
0057 panda_437620_2151.root 1 1 1 1 1 1
0057 panda_437620_2152.root 1 1 1 1 1 1
0057 panda_437620_2153.root 1 1 1 1 1 1
0057 panda_437620_2154.root 1 1 1 1 1 1
0057 panda_437620_2155.root 1 1 1 1 1 1
0057 panda_437620_2156.root 1 1 1 1 1 1
0057 panda_437620_2157.root 1 1 1 1 1 1
0057 panda_437620_2158.root 1 1 1 1 1 1
0057 panda_437620_2159.root 1 1 1 1 1 1
0058 panda_437620_216.root 1 1 1 1 1 1
0058 panda_437620_2160.root 1 1 1 1 1 1
0058 panda_437620_2161.root 1 1 1 1 1 1
0058 panda_437620_2162.root 1 1 1 1 1 1
0058 panda_437620_2164.root 1 1 1 1 1 1
0058 panda_437620_2165.root 1 1 1 1 1 1
0058 panda_437620_2166.root 1 1 1 1 1 1
0058 panda_437620_2167.root 1 1 1 1 1 1
0058 panda_437620_217.root 1 1 1 1 1 1
0058 panda_437620_2170.root 1 1 1 1 1 1
0058 panda_437620_2171.root 1 1 1 1 1 1
0058 panda_437620_2172.root 1 1 1 1 1 1
0058 panda_437620_2173.root 1 1 1 1 1 1
0058 panda_437620_2174.root 1 1 1 1 1 1
0058 panda_437620_2175.root 1 1 1 1 1 1
0058 panda_437620_2176.root 1 1 1 1 1 1
0058 panda_437620_2177.root 1 1 1 1 1 1
0058 panda_437620_2178.root 1 1 1 1 1 1
0058 panda_437620_2179.root 1 1 1 1 1 1
0058 panda_437620_2181.root 1 1 1 1 1 1
0059 panda_437620_2182.root 1 1 1 1 1 1
0059 panda_437620_2183.root 1 1 1 1 1 1
0059 panda_437620_2184.root 1 1 1 1 1 1
0059 panda_437620_2185.root 1 1 1 1 1 1
0059 panda_437620_2187.root 1 1 1 1 1 1
0059 panda_437620_2188.root 1 1 1 1 1 1
0059 panda_437620_2189.root 1 1 1 1 1 1
0059 panda_437620_2191.root 1 1 1 1 1 1
0059 panda_437620_2192.root 1 1 1 1 1 1
0059 panda_437620_2193.root 1 1 1 1 1 1
0059 panda_437620_2194.root 1 1 1 1 1 1
0059 panda_437620_2195.root 1 1 1 1 1 1
0059 panda_437620_2196.root 1 1 1 1 1 1
0059 panda_437620_2197.root 1 1 1 1 1 1
0059 panda_437620_2198.root 1 1 1 1 1 1
0059 panda_437620_2199.root 1 1 1 1 1 1
0059 panda_437620_220.root 1 1 1 1 1 1
0059 panda_437620_2200.root 1 1 1 1 1 1
0059 panda_437620_2202.root 1 1 1 1 1 1
0059 panda_437620_2203.root 1 1 1 1 1 1
0060 panda_437620_2204.root 1 1 1 1 1 1
0060 panda_437620_2205.root 1 1 1 1 1 1
0060 panda_437620_2206.root 1 1 1 1 1 1
0060 panda_437620_2207.root 1 1 1 1 1 1
0060 panda_437620_2208.root 1 1 1 1 1 1
0060 panda_437620_2209.root 1 1 1 1 1 1
0060 panda_437620_2210.root 1 1 1 1 1 1
0060 panda_437620_2211.root 1 1 1 1 1 1
0060 panda_437620_2212.root 1 1 1 1 1 1
0060 panda_437620_2213.root 1 1 1 1 1 1
0060 panda_437620_2214.root 1 1 1 1 1 1
0060 panda_437620_2215.root 1 1 1 1 1 1
0060 panda_437620_2216.root 1 1 1 1 1 1
0060 panda_437620_2217.root 1 1 1 1 1 1
0060 panda_437620_2218.root 1 1 1 1 1 1
0060 panda_437620_2219.root 1 1 1 1 1 1
0060 panda_437620_2220.root 1 1 1 1 1 1
0060 panda_437620_2221.root 1 1 1 1 1 1
0060 panda_437620_2222.root 1 1 1 1 1 1
0060 panda_437620_2223.root 1 1 1 1 1 1
0061 panda_437620_2224.root 1 1 1 1 1 1
0061 panda_437620_2225.root 1 1 1 1 1 1
0061 panda_437620_2226.root 1 1 1 1 1 1
0061 panda_437620_2227.root 1 1 1 1 1 1
0061 panda_437620_2228.root 1 1 1 1 1 1
0061 panda_437620_2229.root 1 1 1 1 1 1
0061 panda_437620_223.root 1 1 1 1 1 1
0061 panda_437620_2230.root 1 1 1 1 1 1
0061 panda_437620_2231.root 1 1 1 1 1 1
0061 panda_437620_2232.root 1 1 1 1 1 1
0061 panda_437620_2233.root 1 1 1 1 1 1
0061 panda_437620_2234.root 1 1 1 1 1 1
0061 panda_437620_2235.root 1 1 1 1 1 1
0061 panda_437620_2236.root 1 1 1 1 1 1
0061 panda_437620_2237.root 1 1 1 1 1 1
0061 panda_437620_2238.root 1 1 1 1 1 1
0061 panda_437620_2239.root 1 1 1 1 1 1
0061 panda_437620_2240.root 1 1 1 1 1 1
0061 panda_437620_2241.root 1 1 1 1 1 1
0061 panda_437620_2242.root 1 1 1 1 1 1
0062 panda_437620_2243.root 1 1 1 1 1 1
0062 panda_437620_2244.root 1 1 1 1 1 1
0062 panda_437620_2246.root 1 1 1 1 1 1
0062 panda_437620_2247.root 1 1 1 1 1 1
0062 panda_437620_2248.root 1 1 1 1 1 1
0062 panda_437620_2249.root 1 1 1 1 1 1
0062 panda_437620_2250.root 1 1 1 1 1 1
0062 panda_437620_2251.root 1 1 1 1 1 1
0062 panda_437620_2252.root 1 1 1 1 1 1
0062 panda_437620_2253.root 1 1 1 1 1 1
0062 panda_437620_2255.root 1 1 1 1 1 1
0062 panda_437620_2256.root 1 1 1 1 1 1
0062 panda_437620_2257.root 1 1 1 1 1 1
0062 panda_437620_2258.root 1 1 1 1 1 1
0062 panda_437620_2259.root 1 1 1 1 1 1
0062 panda_437620_226.root 1 1 1 1 1 1
0062 panda_437620_2260.root 1 1 1 1 1 1
0062 panda_437620_2261.root 1 1 1 1 1 1
0062 panda_437620_2262.root 1 1 1 1 1 1
0062 panda_437620_2264.root 1 1 1 1 1 1
0063 panda_437620_2265.root 1 1 1 1 1 1
0063 panda_437620_2266.root 1 1 1 1 1 1
0063 panda_437620_2267.root 1 1 1 1 1 1
0063 panda_437620_2268.root 1 1 1 1 1 1
0063 panda_437620_2269.root 1 1 1 1 1 1
0063 panda_437620_2270.root 1 1 1 1 1 1
0063 panda_437620_2271.root 1 1 1 1 1 1
0063 panda_437620_2272.root 1 1 1 1 1 1
0063 panda_437620_2273.root 1 1 1 1 1 1
0063 panda_437620_2274.root 1 1 1 1 1 1
0063 panda_437620_2275.root 1 1 1 1 1 1
0063 panda_437620_2277.root 1 1 1 1 1 1
0063 panda_437620_2278.root 1 1 1 1 1 1
0063 panda_437620_2279.root 1 1 1 1 1 1
0063 panda_437620_228.root 1 1 1 1 1 1
0063 panda_437620_2280.root 1 1 1 1 1 1
0063 panda_437620_2281.root 1 1 1 1 1 1
0063 panda_437620_2282.root 1 1 1 1 1 1
0063 panda_437620_2283.root 1 1 1 1 1 1
0063 panda_437620_2284.root 1 1 1 1 1 1
0064 panda_437620_2285.root 1 1 1 1 1 1
0064 panda_437620_2286.root 1 1 1 1 1 1
0064 panda_437620_2287.root 1 1 1 1 1 1
0064 panda_437620_2288.root 1 1 1 1 1 1
0064 panda_437620_2289.root 1 1 1 1 1 1
0064 panda_437620_229.root 1 1 1 1 1 1
0064 panda_437620_2290.root 1 1 1 1 1 1
0064 panda_437620_2291.root 1 1 1 1 1 1
0064 panda_437620_2292.root 1 1 1 1 1 1
0064 panda_437620_2293.root 1 1 1 1 1 1
0064 panda_437620_2294.root 1 1 1 1 1 1
0064 panda_437620_2295.root 1 1 1 1 1 1
0064 panda_437620_2296.root 1 1 1 1 1 1
0064 panda_437620_2297.root 1 1 1 1 1 1
0064 panda_437620_2298.root 1 1 1 1 1 1
0064 panda_437620_2299.root 1 1 1 1 1 1
0064 panda_437620_230.root 1 1 1 1 1 1
0064 panda_437620_2300.root 1 1 1 1 1 1
0064 panda_437620_2301.root 1 1 1 1 1 1
0064 panda_437620_2302.root 1 1 1 1 1 1
0065 panda_437620_2303.root 1 1 1 1 1 1
0065 panda_437620_2304.root 1 1 1 1 1 1
0065 panda_437620_2305.root 1 1 1 1 1 1
0065 panda_437620_2306.root 1 1 1 1 1 1
0065 panda_437620_2308.root 1 1 1 1 1 1
0065 panda_437620_2309.root 1 1 1 1 1 1
0065 panda_437620_231.root 1 1 1 1 1 1
0065 panda_437620_2310.root 1 1 1 1 1 1
0065 panda_437620_2311.root 1 1 1 1 1 1
0065 panda_437620_2312.root 1 1 1 1 1 1
0065 panda_437620_2313.root 1 1 1 1 1 1
0065 panda_437620_2314.root 1 1 1 1 1 1
0065 panda_437620_2315.root 1 1 1 1 1 1
0065 panda_437620_2316.root 1 1 1 1 1 1
0065 panda_437620_2317.root 1 1 1 1 1 1
0065 panda_437620_2318.root 1 1 1 1 1 1
0065 panda_437620_2319.root 1 1 1 1 1 1
0065 panda_437620_232.root 1 1 1 1 1 1
0065 panda_437620_2320.root 1 1 1 1 1 1
0065 panda_437620_2321.root 1 1 1 1 1 1
0066 panda_437620_2322.root 1 1 1 1 1 1
0066 panda_437620_2323.root 1 1 1 1 1 1
0066 panda_437620_2326.root 1 1 1 1 1 1
0066 panda_437620_2327.root 1 1 1 1 1 1
0066 panda_437620_2328.root 1 1 1 1 1 1
0066 panda_437620_233.root 1 1 1 1 1 1
0066 panda_437620_2330.root 1 1 1 1 1 1
0066 panda_437620_2331.root 1 1 1 1 1 1
0066 panda_437620_2332.root 1 1 1 1 1 1
0066 panda_437620_2333.root 1 1 1 1 1 1
0066 panda_437620_2334.root 1 1 1 1 1 1
0066 panda_437620_2336.root 1 1 1 1 1 1
0066 panda_437620_2337.root 1 1 1 1 1 1
0066 panda_437620_2338.root 1 1 1 1 1 1
0066 panda_437620_2339.root 1 1 1 1 1 1
0066 panda_437620_234.root 1 1 1 1 1 1
0066 panda_437620_2340.root 1 1 1 1 1 1
0066 panda_437620_2341.root 1 1 1 1 1 1
0066 panda_437620_2342.root 1 1 1 1 1 1
0066 panda_437620_2343.root 1 1 1 1 1 1
0067 panda_437620_2344.root 1 1 1 1 1 1
0067 panda_437620_2345.root 1 1 1 1 1 1
0067 panda_437620_2346.root 1 1 1 1 1 1
0067 panda_437620_2347.root 1 1 1 1 1 1
0067 panda_437620_2349.root 1 1 1 1 1 1
0067 panda_437620_235.root 1 1 1 1 1 1
0067 panda_437620_2350.root 1 1 1 1 1 1
0067 panda_437620_2351.root 1 1 1 1 1 1
0067 panda_437620_2352.root 1 1 1 1 1 1
0067 panda_437620_2353.root 1 1 1 1 1 1
0067 panda_437620_2354.root 1 1 1 1 1 1
0067 panda_437620_2355.root 1 1 1 1 1 1
0067 panda_437620_2356.root 1 1 1 1 1 1
0067 panda_437620_2357.root 1 1 1 1 1 1
0067 panda_437620_2358.root 1 1 1 1 1 1
0067 panda_437620_2359.root 1 1 1 1 1 1
0067 panda_437620_236.root 1 1 1 1 1 1
0067 panda_437620_2360.root 1 1 1 1 1 1
0067 panda_437620_2362.root 1 1 1 1 1 1
0067 panda_437620_2363.root 1 1 1 1 1 1
0068 panda_437620_2364.root 1 1 1 1 1 1
0068 panda_437620_2365.root 1 1 1 1 1 1
0068 panda_437620_2367.root 1 1 1 1 1 1
0068 panda_437620_2368.root 1 1 1 1 1 1
0068 panda_437620_2369.root 1 1 1 1 1 1
0068 panda_437620_237.root 1 1 1 1 1 1
0068 panda_437620_2370.root 1 1 1 1 1 1
0068 panda_437620_2371.root 1 1 1 1 1 1
0068 panda_437620_2372.root 1 1 1 1 1 1
0068 panda_437620_2373.root 1 1 1 1 1 1
0068 panda_437620_2374.root 1 1 1 1 1 1
0068 panda_437620_2375.root 1 1 1 1 1 1
0068 panda_437620_2376.root 1 1 1 1 1 1
0068 panda_437620_2377.root 1 1 1 1 1 1
0068 panda_437620_2378.root 1 1 1 1 1 1
0068 panda_437620_2379.root 1 1 1 1 1 1
0068 panda_437620_238.root 1 1 1 1 1 1
0068 panda_437620_2380.root 1 1 1 1 1 1
0068 panda_437620_2381.root 1 1 1 1 1 1
0068 panda_437620_2382.root 1 1 1 1 1 1
0069 panda_437620_2383.root 1 1 1 1 1 1
0069 panda_437620_2384.root 1 1 1 1 1 1
0069 panda_437620_2385.root 1 1 1 1 1 1
0069 panda_437620_2386.root 1 1 1 1 1 1
0069 panda_437620_2387.root 1 1 1 1 1 1
0069 panda_437620_2388.root 1 1 1 1 1 1
0069 panda_437620_2389.root 1 1 1 1 1 1
0069 panda_437620_239.root 1 1 1 1 1 1
0069 panda_437620_2390.root 1 1 1 1 1 1
0069 panda_437620_2391.root 1 1 1 1 1 1
0069 panda_437620_2393.root 1 1 1 1 1 1
0069 panda_437620_2394.root 1 1 1 1 1 1
0069 panda_437620_2395.root 1 1 1 1 1 1
0069 panda_437620_2396.root 1 1 1 1 1 1
0069 panda_437620_2397.root 1 1 1 1 1 1
0069 panda_437620_2398.root 1 1 1 1 1 1
0069 panda_437620_2399.root 1 1 1 1 1 1
0069 panda_437620_240.root 1 1 1 1 1 1
0069 panda_437620_2400.root 1 1 1 1 1 1
0069 panda_437620_2401.root 1 1 1 1 1 1
0070 panda_437620_2402.root 1 1 1 1 1 1
0070 panda_437620_2403.root 1 1 1 1 1 1
0070 panda_437620_2404.root 1 1 1 1 1 1
0070 panda_437620_2406.root 1 1 1 1 1 1
0070 panda_437620_2407.root 1 1 1 1 1 1
0070 panda_437620_2408.root 1 1 1 1 1 1
0070 panda_437620_2409.root 1 1 1 1 1 1
0070 panda_437620_241.root 1 1 1 1 1 1
0070 panda_437620_2411.root 1 1 1 1 1 1
0070 panda_437620_2412.root 1 1 1 1 1 1
0070 panda_437620_2413.root 1 1 1 1 1 1
0070 panda_437620_2414.root 1 1 1 1 1 1
0070 panda_437620_2415.root 1 1 1 1 1 1
0070 panda_437620_2416.root 1 1 1 1 1 1
0070 panda_437620_2417.root 1 1 1 1 1 1
0070 panda_437620_2418.root 1 1 1 1 1 1
0070 panda_437620_2419.root 1 1 1 1 1 1
0070 panda_437620_242.root 1 1 1 1 1 1
0070 panda_437620_2421.root 1 1 1 1 1 1
0070 panda_437620_2422.root 1 1 1 1 1 1
0071 panda_437620_2423.root 1 1 1 1 1 1
0071 panda_437620_2424.root 1 1 1 1 1 1
0071 panda_437620_2425.root 1 1 1 1 1 1
0071 panda_437620_2426.root 1 1 1 1 1 1
0071 panda_437620_2427.root 1 1 1 1 1 1
0071 panda_437620_2428.root 1 1 1 1 1 1
0071 panda_437620_2429.root 1 1 1 1 1 1
0071 panda_437620_243.root 1 1 1 1 1 1
0071 panda_437620_2430.root 1 1 1 1 1 1
0071 panda_437620_2431.root 1 1 1 1 1 1
0071 panda_437620_2432.root 1 1 1 1 1 1
0071 panda_437620_2433.root 1 1 1 1 1 1
0071 panda_437620_2434.root 1 1 1 1 1 1
0071 panda_437620_2435.root 1 1 1 1 1 1
0071 panda_437620_2436.root 1 1 1 1 1 1
0071 panda_437620_2437.root 1 1 1 1 1 1
0071 panda_437620_2438.root 1 1 1 1 1 1
0071 panda_437620_2439.root 1 1 1 1 1 1
0071 panda_437620_244.root 1 1 1 1 1 1
0071 panda_437620_2440.root 1 1 1 1 1 1
0072 panda_437620_2441.root 1 1 1 1 1 1
0072 panda_437620_2442.root 1 1 1 1 1 1
0072 panda_437620_2443.root 1 1 1 1 1 1
0072 panda_437620_2444.root 1 1 1 1 1 1
0072 panda_437620_2445.root 1 1 1 1 1 1
0072 panda_437620_2447.root 1 1 1 1 1 1
0072 panda_437620_2448.root 1 1 1 1 1 1
0072 panda_437620_2449.root 1 1 1 1 1 1
0072 panda_437620_2451.root 1 1 1 1 1 1
0072 panda_437620_2452.root 1 1 1 1 1 1
0072 panda_437620_2453.root 1 1 1 1 1 1
0072 panda_437620_2454.root 1 1 1 1 1 1
0072 panda_437620_2455.root 1 1 1 1 1 1
0072 panda_437620_2456.root 1 1 1 1 1 1
0072 panda_437620_2457.root 1 1 1 1 1 1
0072 panda_437620_2458.root 1 1 1 1 1 1
0072 panda_437620_2459.root 1 1 1 1 1 1
0072 panda_437620_2460.root 1 1 1 1 1 1
0072 panda_437620_2461.root 1 1 1 1 1 1
0072 panda_437620_2462.root 1 1 1 1 1 1
0073 panda_437620_2463.root 1 1 1 1 1 1
0073 panda_437620_2464.root 1 1 1 1 1 1
0073 panda_437620_2465.root 1 1 1 1 1 1
0073 panda_437620_2466.root 1 1 1 1 1 1
0073 panda_437620_2467.root 1 1 1 1 1 1
0073 panda_437620_2468.root 1 1 1 1 1 1
0073 panda_437620_2469.root 1 1 1 1 1 1
0073 panda_437620_247.root 1 1 1 1 1 1
0073 panda_437620_2470.root 1 1 1 1 1 1
0073 panda_437620_2471.root 1 1 1 1 1 1
0073 panda_437620_2472.root 1 1 1 1 1 1
0073 panda_437620_2473.root 1 1 1 1 1 1
0073 panda_437620_2474.root 1 1 1 1 1 1
0073 panda_437620_2475.root 1 1 1 1 1 1
0073 panda_437620_2476.root 1 1 1 1 1 1
0073 panda_437620_2477.root 1 1 1 1 1 1
0073 panda_437620_2478.root 1 1 1 1 1 1
0073 panda_437620_248.root 1 1 1 1 1 1
0073 panda_437620_2480.root 1 1 1 1 1 1
0073 panda_437620_2481.root 1 1 1 1 1 1
0074 panda_437620_2482.root 1 1 1 1 1 1
0074 panda_437620_2483.root 1 1 1 1 1 1
0074 panda_437620_2485.root 1 1 1 1 1 1
0074 panda_437620_2486.root 1 1 1 1 1 1
0074 panda_437620_2487.root 1 1 1 1 1 1
0074 panda_437620_2488.root 1 1 1 1 1 1
0074 panda_437620_2489.root 1 1 1 1 1 1
0074 panda_437620_249.root 1 1 1 1 1 1
0074 panda_437620_2490.root 1 1 1 1 1 1
0074 panda_437620_2491.root 1 1 1 1 1 1
0074 panda_437620_2492.root 1 1 1 1 1 1
0074 panda_437620_2494.root 1 1 1 1 1 1
0074 panda_437620_2495.root 1 1 1 1 1 1
0074 panda_437620_2496.root 1 1 1 1 1 1
0074 panda_437620_2497.root 1 1 1 1 1 1
0074 panda_437620_2498.root 1 1 1 1 1 1
0074 panda_437620_2499.root 1 1 1 1 1 1
0074 panda_437620_260.root 1 1 1 1 1 1
0074 panda_437620_263.root 1 1 1 1 1 1
0074 panda_437620_265.root 1 1 1 1 1 1
0075 panda_437620_266.root 1 1 1 1 1 1
0075 panda_437620_268.root 1 1 1 1 1 1
0075 panda_437620_269.root 1 1 1 1 1 1
0075 panda_437620_271.root 1 1 1 1 1 1
0075 panda_437620_272.root 1 1 1 1 1 1
0075 panda_437620_273.root 1 1 1 1 1 1
0075 panda_437620_274.root 1 1 1 1 1 1
0075 panda_437620_276.root 1 1 1 1 1 1
0075 panda_437620_277.root 1 1 1 1 1 1
0075 panda_437620_278.root 1 1 1 1 1 1
0075 panda_437620_279.root 1 1 1 1 1 1
0075 panda_437620_280.root 1 1 1 1 1 1
0075 panda_437620_281.root 1 1 1 1 1 1
0075 panda_437620_282.root 1 1 1 1 1 1
0075 panda_437620_283.root 1 1 1 1 1 1
0075 panda_437620_284.root 1 1 1 1 1 1
0075 panda_437620_286.root 1 1 1 1 1 1
0075 panda_437620_288.root 1 1 1 1 1 1
0075 panda_437620_289.root 1 1 1 1 1 1
0075 panda_437620_290.root 1 1 1 1 1 1
0076 panda_437620_291.root 1 1 1 1 1 1
0076 panda_437620_292.root 1 1 1 1 1 1
0076 panda_437620_293.root 1 1 1 1 1 1
0076 panda_437620_294.root 1 1 1 1 1 1
0076 panda_437620_295.root 1 1 1 1 1 1
0076 panda_437620_297.root 1 1 1 1 1 1
0076 panda_437620_303.root 1 1 1 1 1 1
0076 panda_437620_308.root 1 1 1 1 1 1
0076 panda_437620_309.root 1 1 1 1 1 1
0076 panda_437620_311.root 1 1 1 1 1 1
0076 panda_437620_312.root 1 1 1 1 1 1
0076 panda_437620_314.root 1 1 1 1 1 1
0076 panda_437620_315.root 1 1 1 1 1 1
0076 panda_437620_316.root 1 1 1 1 1 1
0076 panda_437620_317.root 1 1 1 1 1 1
0076 panda_437620_318.root 1 1 1 1 1 1
0076 panda_437620_325.root 1 1 1 1 1 1
0076 panda_437620_326.root 1 1 1 1 1 1
0076 panda_437620_327.root 1 1 1 1 1 1
0076 panda_437620_328.root 1 1 1 1 1 1
0077 panda_437620_329.root 1 1 1 1 1 1
0077 panda_437620_33.root 1 1 1 1 1 1
0077 panda_437620_330.root 1 1 1 1 1 1
0077 panda_437620_335.root 1 1 1 1 1 1
0077 panda_437620_336.root 1 1 1 1 1 1
0077 panda_437620_337.root 1 1 1 1 1 1
0077 panda_437620_338.root 1 1 1 1 1 1
0077 panda_437620_339.root 1 1 1 1 1 1
0077 panda_437620_34.root 1 1 1 1 1 1
0077 panda_437620_340.root 1 1 1 1 1 1
0077 panda_437620_341.root 1 1 1 1 1 1
0077 panda_437620_342.root 1 1 1 1 1 1
0077 panda_437620_347.root 1 1 1 1 1 1
0077 panda_437620_348.root 1 1 1 1 1 1
0077 panda_437620_35.root 1 1 1 1 1 1
0077 panda_437620_350.root 1 1 1 1 1 1
0077 panda_437620_351.root 1 1 1 1 1 1
0077 panda_437620_352.root 1 1 1 1 1 1
0077 panda_437620_353.root 1 1 1 1 1 1
0077 panda_437620_355.root 1 1 1 1 1 1
0078 panda_437620_356.root 1 1 1 1 1 1
0078 panda_437620_357.root 1 1 1 1 1 1
0078 panda_437620_358.root 1 1 1 1 1 1
0078 panda_437620_36.root 1 1 1 1 1 1
0078 panda_437620_360.root 1 1 1 1 1 1
0078 panda_437620_363.root 1 1 1 1 1 1
0078 panda_437620_364.root 1 1 1 1 1 1
0078 panda_437620_365.root 1 1 1 1 1 1
0078 panda_437620_366.root 1 1 1 1 1 1
0078 panda_437620_367.root 1 1 1 1 1 1
0078 panda_437620_369.root 1 1 1 1 1 1
0078 panda_437620_37.root 1 1 1 1 1 1
0078 panda_437620_370.root 1 1 1 1 1 1
0078 panda_437620_371.root 1 1 1 1 1 1
0078 panda_437620_372.root 1 1 1 1 1 1
0078 panda_437620_373.root 1 1 1 1 1 1
0078 panda_437620_374.root 1 1 1 1 1 1
0078 panda_437620_375.root 1 1 1 1 1 1
0078 panda_437620_376.root 1 1 1 1 1 1
0078 panda_437620_377.root 1 1 1 1 1 1
0079 panda_437620_378.root 1 1 1 1 1 1
0079 panda_437620_379.root 1 1 1 1 1 1
0079 panda_437620_38.root 1 1 1 1 1 1
0079 panda_437620_380.root 1 1 1 1 1 1
0079 panda_437620_381.root 1 1 1 1 1 1
0079 panda_437620_382.root 1 1 1 1 1 1
0079 panda_437620_383.root 1 1 1 1 1 1
0079 panda_437620_384.root 1 1 1 1 1 1
0079 panda_437620_385.root 1 1 1 1 1 1
0079 panda_437620_386.root 1 1 1 1 1 1
0079 panda_437620_388.root 1 1 1 1 1 1
0079 panda_437620_389.root 1 1 1 1 1 1
0079 panda_437620_390.root 1 1 1 1 1 1
0079 panda_437620_391.root 1 1 1 1 1 1
0079 panda_437620_392.root 1 1 1 1 1 1
0079 panda_437620_393.root 1 1 1 1 1 1
0079 panda_437620_394.root 1 1 1 1 1 1
0079 panda_437620_396.root 1 1 1 1 1 1
0079 panda_437620_4.root 1 1 1 1 1 1
0079 panda_437620_40.root 1 1 1 1 1 1
0080 panda_437620_402.root 1 1 1 1 1 1
0080 panda_437620_405.root 1 1 1 1 1 1
0080 panda_437620_41.root 1 1 1 1 1 1
0080 panda_437620_414.root 1 1 1 1 1 1
0080 panda_437620_415.root 1 1 1 1 1 1
0080 panda_437620_416.root 1 1 1 1 1 1
0080 panda_437620_417.root 1 1 1 1 1 1
0080 panda_437620_418.root 1 1 1 1 1 1
0080 panda_437620_419.root 1 1 1 1 1 1
0080 panda_437620_42.root 1 1 1 1 1 1
0080 panda_437620_423.root 1 1 1 1 1 1
0080 panda_437620_424.root 1 1 1 1 1 1
0080 panda_437620_425.root 1 1 1 1 1 1
0080 panda_437620_428.root 1 1 1 1 1 1
0080 panda_437620_429.root 1 1 1 1 1 1
0080 panda_437620_43.root 1 1 1 1 1 1
0080 panda_437620_430.root 1 1 1 1 1 1
0080 panda_437620_431.root 1 1 1 1 1 1
0080 panda_437620_432.root 1 1 1 1 1 1
0080 panda_437620_433.root 1 1 1 1 1 1
0081 panda_437620_434.root 1 1 1 1 1 1
0081 panda_437620_435.root 1 1 1 1 1 1
0081 panda_437620_436.root 1 1 1 1 1 1
0081 panda_437620_437.root 1 1 1 1 1 1
0081 panda_437620_439.root 1 1 1 1 1 1
0081 panda_437620_44.root 1 1 1 1 1 1
0081 panda_437620_440.root 1 1 1 1 1 1
0081 panda_437620_441.root 1 1 1 1 1 1
0081 panda_437620_442.root 1 1 1 1 1 1
0081 panda_437620_443.root 1 1 1 1 1 1
0081 panda_437620_444.root 1 1 1 1 1 1
0081 panda_437620_446.root 1 1 1 1 1 1
0081 panda_437620_447.root 1 1 1 1 1 1
0081 panda_437620_450.root 1 1 1 1 1 1
0081 panda_437620_451.root 1 1 1 1 1 1
0081 panda_437620_452.root 1 1 1 1 1 1
0081 panda_437620_453.root 1 1 1 1 1 1
0081 panda_437620_455.root 1 1 1 1 1 1
0081 panda_437620_456.root 1 1 1 1 1 1
0081 panda_437620_457.root 1 1 1 1 1 1
0082 panda_437620_458.root 1 1 1 1 1 1
0082 panda_437620_459.root 1 1 1 1 1 1
0082 panda_437620_460.root 1 1 1 1 1 1
0082 panda_437620_461.root 1 1 1 1 1 1
0082 panda_437620_462.root 1 1 1 1 1 1
0082 panda_437620_463.root 1 1 1 1 1 1
0082 panda_437620_464.root 1 1 1 1 1 1
0082 panda_437620_465.root 1 1 1 1 1 1
0082 panda_437620_466.root 1 1 1 1 1 1
0082 panda_437620_467.root 1 1 1 1 1 1
0082 panda_437620_468.root 1 1 1 1 1 1
0082 panda_437620_469.root 1 1 1 1 1 1
0082 panda_437620_470.root 1 1 1 1 1 1
0082 panda_437620_471.root 1 1 1 1 1 1
0082 panda_437620_472.root 1 1 1 1 1 1
0082 panda_437620_473.root 1 1 1 1 1 1
0082 panda_437620_474.root 1 1 1 1 1 1
0082 panda_437620_475.root 1 1 1 1 1 1
0082 panda_437620_476.root 1 1 1 1 1 1
0082 panda_437620_477.root 1 1 1 1 1 1
0083 panda_437620_478.root 1 1 1 1 1 1
0083 panda_437620_479.root 1 1 1 1 1 1
0083 panda_437620_480.root 1 1 1 1 1 1
0083 panda_437620_481.root 1 1 1 1 1 1
0083 panda_437620_482.root 1 1 1 1 1 1
0083 panda_437620_483.root 1 1 1 1 1 1
0083 panda_437620_484.root 1 1 1 1 1 1
0083 panda_437620_485.root 1 1 1 1 1 1
0083 panda_437620_486.root 1 1 1 1 1 1
0083 panda_437620_487.root 1 1 1 1 1 1
0083 panda_437620_488.root 1 1 1 1 1 1
0083 panda_437620_489.root 1 1 1 1 1 1
0083 panda_437620_490.root 1 1 1 1 1 1
0083 panda_437620_491.root 1 1 1 1 1 1
0083 panda_437620_492.root 1 1 1 1 1 1
0083 panda_437620_493.root 1 1 1 1 1 1
0083 panda_437620_494.root 1 1 1 1 1 1
0083 panda_437620_495.root 1 1 1 1 1 1
0083 panda_437620_496.root 1 1 1 1 1 1
0083 panda_437620_498.root 1 1 1 1 1 1
0084 panda_437620_500.root 1 1 1 1 1 1
0084 panda_437620_501.root 1 1 1 1 1 1
0084 panda_437620_502.root 1 1 1 1 1 1
0084 panda_437620_503.root 1 1 1 1 1 1
0084 panda_437620_504.root 1 1 1 1 1 1
0084 panda_437620_505.root 1 1 1 1 1 1
0084 panda_437620_506.root 1 1 1 1 1 1
0084 panda_437620_507.root 1 1 1 1 1 1
0084 panda_437620_508.root 1 1 1 1 1 1
0084 panda_437620_509.root 1 1 1 1 1 1
0084 panda_437620_510.root 1 1 1 1 1 1
0084 panda_437620_511.root 1 1 1 1 1 1
0084 panda_437620_512.root 1 1 1 1 1 1
0084 panda_437620_513.root 1 1 1 1 1 1
0084 panda_437620_514.root 1 1 1 1 1 1
0084 panda_437620_515.root 1 1 1 1 1 1
0084 panda_437620_517.root 1 1 1 1 1 1
0084 panda_437620_518.root 1 1 1 1 1 1
0084 panda_437620_519.root 1 1 1 1 1 1
0084 panda_437620_52.root 1 1 1 1 1 1
0085 panda_437620_520.root 1 1 1 1 1 1
0085 panda_437620_521.root 1 1 1 1 1 1
0085 panda_437620_522.root 1 1 1 1 1 1
0085 panda_437620_523.root 1 1 1 1 1 1
0085 panda_437620_524.root 1 1 1 1 1 1
0085 panda_437620_525.root 1 1 1 1 1 1
0085 panda_437620_526.root 1 1 1 1 1 1
0085 panda_437620_527.root 1 1 1 1 1 1
0085 panda_437620_529.root 1 1 1 1 1 1
0085 panda_437620_53.root 1 1 1 1 1 1
0085 panda_437620_531.root 1 1 1 1 1 1
0085 panda_437620_533.root 1 1 1 1 1 1
0085 panda_437620_534.root 1 1 1 1 1 1
0085 panda_437620_535.root 1 1 1 1 1 1
0085 panda_437620_537.root 1 1 1 1 1 1
0085 panda_437620_539.root 1 1 1 1 1 1
0085 panda_437620_54.root 1 1 1 1 1 1
0085 panda_437620_540.root 1 1 1 1 1 1
0085 panda_437620_541.root 1 1 1 1 1 1
0085 panda_437620_542.root 1 1 1 1 1 1
0086 panda_437620_543.root 1 1 1 1 1 1
0086 panda_437620_544.root 1 1 1 1 1 1
0086 panda_437620_545.root 1 1 1 1 1 1
0086 panda_437620_546.root 1 1 1 1 1 1
0086 panda_437620_547.root 1 1 1 1 1 1
0086 panda_437620_548.root 1 1 1 1 1 1
0086 panda_437620_549.root 1 1 1 1 1 1
0086 panda_437620_55.root 1 1 1 1 1 1
0086 panda_437620_550.root 1 1 1 1 1 1
0086 panda_437620_552.root 1 1 1 1 1 1
0086 panda_437620_553.root 1 1 1 1 1 1
0086 panda_437620_554.root 1 1 1 1 1 1
0086 panda_437620_555.root 1 1 1 1 1 1
0086 panda_437620_556.root 1 1 1 1 1 1
0086 panda_437620_557.root 1 1 1 1 1 1
0086 panda_437620_559.root 1 1 1 1 1 1
0086 panda_437620_56.root 1 1 1 1 1 1
0086 panda_437620_560.root 1 1 1 1 1 1
0086 panda_437620_561.root 1 1 1 1 1 1
0086 panda_437620_562.root 1 1 1 1 1 1
0087 panda_437620_563.root 1 1 1 1 1 1
0087 panda_437620_564.root 1 1 1 1 1 1
0087 panda_437620_565.root 1 1 1 1 1 1
0087 panda_437620_566.root 1 1 1 1 1 1
0087 panda_437620_567.root 1 1 1 1 1 1
0087 panda_437620_568.root 1 1 1 1 1 1
0087 panda_437620_569.root 1 1 1 1 1 1
0087 panda_437620_57.root 1 1 1 1 1 1
0087 panda_437620_570.root 1 1 1 1 1 1
0087 panda_437620_571.root 1 1 1 1 1 1
0087 panda_437620_572.root 1 1 1 1 1 1
0087 panda_437620_573.root 1 1 1 1 1 1
0087 panda_437620_574.root 1 1 1 1 1 1
0087 panda_437620_575.root 1 1 1 1 1 1
0087 panda_437620_576.root 1 1 1 1 1 1
0087 panda_437620_577.root 1 1 1 1 1 1
0087 panda_437620_578.root 1 1 1 1 1 1
0087 panda_437620_579.root 1 1 1 1 1 1
0087 panda_437620_58.root 1 1 1 1 1 1
0087 panda_437620_581.root 1 1 1 1 1 1
0088 panda_437620_582.root 1 1 1 1 1 1
0088 panda_437620_583.root 1 1 1 1 1 1
0088 panda_437620_584.root 1 1 1 1 1 1
0088 panda_437620_585.root 1 1 1 1 1 1
0088 panda_437620_586.root 1 1 1 1 1 1
0088 panda_437620_587.root 1 1 1 1 1 1
0088 panda_437620_588.root 1 1 1 1 1 1
0088 panda_437620_59.root 1 1 1 1 1 1
0088 panda_437620_590.root 1 1 1 1 1 1
0088 panda_437620_591.root 1 1 1 1 1 1
0088 panda_437620_592.root 1 1 1 1 1 1
0088 panda_437620_593.root 1 1 1 1 1 1
0088 panda_437620_594.root 1 1 1 1 1 1
0088 panda_437620_595.root 1 1 1 1 1 1
0088 panda_437620_596.root 1 1 1 1 1 1
0088 panda_437620_598.root 1 1 1 1 1 1
0088 panda_437620_6.root 1 1 1 1 1 1
0088 panda_437620_600.root 1 1 1 1 1 1
0088 panda_437620_601.root 1 1 1 1 1 1
0088 panda_437620_602.root 1 1 1 1 1 1
0089 panda_437620_603.root 1 1 1 1 1 1
0089 panda_437620_604.root 1 1 1 1 1 1
0089 panda_437620_605.root 1 1 1 1 1 1
0089 panda_437620_606.root 1 1 1 1 1 1
0089 panda_437620_607.root 1 1 1 1 1 1
0089 panda_437620_608.root 1 1 1 1 1 1
0089 panda_437620_609.root 1 1 1 1 1 1
0089 panda_437620_61.root 1 1 1 1 1 1
0089 panda_437620_610.root 1 1 1 1 1 1
0089 panda_437620_613.root 1 1 1 1 1 1
0089 panda_437620_614.root 1 1 1 1 1 1
0089 panda_437620_615.root 1 1 1 1 1 1
0089 panda_437620_616.root 1 1 1 1 1 1
0089 panda_437620_617.root 1 1 1 1 1 1
0089 panda_437620_618.root 1 1 1 1 1 1
0089 panda_437620_62.root 1 1 1 1 1 1
0089 panda_437620_621.root 1 1 1 1 1 1
0089 panda_437620_624.root 1 1 1 1 1 1
0089 panda_437620_625.root 1 1 1 1 1 1
0089 panda_437620_629.root 1 1 1 1 1 1
0090 panda_437620_630.root 1 1 1 1 1 1
0090 panda_437620_631.root 1 1 1 1 1 1
0090 panda_437620_632.root 1 1 1 1 1 1
0090 panda_437620_633.root 1 1 1 1 1 1
0090 panda_437620_634.root 1 1 1 1 1 1
0090 panda_437620_635.root 1 1 1 1 1 1
0090 panda_437620_636.root 1 1 1 1 1 1
0090 panda_437620_638.root 1 1 1 1 1 1
0090 panda_437620_639.root 1 1 1 1 1 1
0090 panda_437620_64.root 1 1 1 1 1 1
0090 panda_437620_640.root 1 1 1 1 1 1
0090 panda_437620_641.root 1 1 1 1 1 1
0090 panda_437620_642.root 1 1 1 1 1 1
0090 panda_437620_65.root 1 1 1 1 1 1
0090 panda_437620_654.root 1 1 1 1 1 1
0090 panda_437620_66.root 1 1 1 1 1 1
0090 panda_437620_662.root 1 1 1 1 1 1
0090 panda_437620_670.root 1 1 1 1 1 1
0090 panda_437620_68.root 1 1 1 1 1 1
0090 panda_437620_69.root 1 1 1 1 1 1
0091 panda_437620_698.root 1 1 1 1 1 1
0091 panda_437620_70.root 1 1 1 1 1 1
0091 panda_437620_706.root 1 1 1 1 1 1
0091 panda_437620_707.root 1 1 1 1 1 1
0091 panda_437620_71.root 1 1 1 1 1 1
0091 panda_437620_712.root 1 1 1 1 1 1
0091 panda_437620_724.root 1 1 1 1 1 1
0091 panda_437620_73.root 1 1 1 1 1 1
0091 panda_437620_730.root 1 1 1 1 1 1
0091 panda_437620_74.root 1 1 1 1 1 1
0091 panda_437620_75.root 1 1 1 1 1 1
0091 panda_437620_76.root 1 1 1 1 1 1
0091 panda_437620_77.root 1 1 1 1 1 1
0091 panda_437620_774.root 1 1 1 1 1 1
0091 panda_437620_776.root 1 1 1 1 1 1
0091 panda_437620_78.root 1 1 1 1 1 1
0091 panda_437620_780.root 1 1 1 1 1 1
0091 panda_437620_79.root 1 1 1 1 1 1
0091 panda_437620_798.root 1 1 1 1 1 1
0091 panda_437620_80.root 1 1 1 1 1 1
0092 panda_437620_806.root 1 1 1 1 1 1
0092 panda_437620_81.root 1 1 1 1 1 1
0092 panda_437620_82.root 1 1 1 1 1 1
0092 panda_437620_83.root 1 1 1 1 1 1
0092 panda_437620_830.root 1 1 1 1 1 1
0092 panda_437620_84.root 1 1 1 1 1 1
0092 panda_437620_843.root 1 1 1 1 1 1
0092 panda_437620_845.root 1 1 1 1 1 1
0092 panda_437620_846.root 1 1 1 1 1 1
0092 panda_437620_847.root 1 1 1 1 1 1
0092 panda_437620_848.root 1 1 1 1 1 1
0092 panda_437620_85.root 1 1 1 1 1 1
0092 panda_437620_850.root 1 1 1 1 1 1
0092 panda_437620_851.root 1 1 1 1 1 1
0092 panda_437620_852.root 1 1 1 1 1 1
0092 panda_437620_853.root 1 1 1 1 1 1
0092 panda_437620_854.root 1 1 1 1 1 1
0092 panda_437620_855.root 1 1 1 1 1 1
0092 panda_437620_856.root 1 1 1 1 1 1
0092 panda_437620_857.root 1 1 1 1 1 1
0093 panda_437620_858.root 1 1 1 1 1 1
0093 panda_437620_859.root 1 1 1 1 1 1
0093 panda_437620_86.root 1 1 1 1 1 1
0093 panda_437620_860.root 1 1 1 1 1 1
0093 panda_437620_861.root 1 1 1 1 1 1
0093 panda_437620_862.root 1 1 1 1 1 1
0093 panda_437620_863.root 1 1 1 1 1 1
0093 panda_437620_864.root 1 1 1 1 1 1
0093 panda_437620_865.root 1 1 1 1 1 1
0093 panda_437620_866.root 1 1 1 1 1 1
0093 panda_437620_867.root 1 1 1 1 1 1
0093 panda_437620_868.root 1 1 1 1 1 1
0093 panda_437620_869.root 1 1 1 1 1 1
0093 panda_437620_87.root 1 1 1 1 1 1
0093 panda_437620_870.root 1 1 1 1 1 1
0093 panda_437620_871.root 1 1 1 1 1 1
0093 panda_437620_872.root 1 1 1 1 1 1
0093 panda_437620_873.root 1 1 1 1 1 1
0093 panda_437620_874.root 1 1 1 1 1 1
0093 panda_437620_875.root 1 1 1 1 1 1
0094 panda_437620_876.root 1 1 1 1 1 1
0094 panda_437620_877.root 1 1 1 1 1 1
0094 panda_437620_878.root 1 1 1 1 1 1
0094 panda_437620_879.root 1 1 1 1 1 1
0094 panda_437620_88.root 1 1 1 1 1 1
0094 panda_437620_880.root 1 1 1 1 1 1
0094 panda_437620_881.root 1 1 1 1 1 1
0094 panda_437620_882.root 1 1 1 1 1 1
0094 panda_437620_884.root 1 1 1 1 1 1
0094 panda_437620_885.root 1 1 1 1 1 1
0094 panda_437620_886.root 1 1 1 1 1 1
0094 panda_437620_887.root 1 1 1 1 1 1
0094 panda_437620_888.root 1 1 1 1 1 1
0094 panda_437620_889.root 1 1 1 1 1 1
0094 panda_437620_89.root 1 1 1 1 1 1
0094 panda_437620_890.root 1 1 1 1 1 1
0094 panda_437620_891.root 1 1 1 1 1 1
0094 panda_437620_892.root 1 1 1 1 1 1
0094 panda_437620_893.root 1 1 1 1 1 1
0094 panda_437620_894.root 1 1 1 1 1 1
0095 panda_437620_895.root 1 1 1 1 1 1
0095 panda_437620_896.root 1 1 1 1 1 1
0095 panda_437620_897.root 1 1 1 1 1 1
0095 panda_437620_898.root 1 1 1 1 1 1
0095 panda_437620_90.root 1 1 1 1 1 1
0095 panda_437620_900.root 1 1 1 1 1 1
0095 panda_437620_901.root 1 1 1 1 1 1
0095 panda_437620_902.root 1 1 1 1 1 1
0095 panda_437620_903.root 1 1 1 1 1 1
0095 panda_437620_904.root 1 1 1 1 1 1
0095 panda_437620_905.root 1 1 1 1 1 1
0095 panda_437620_906.root 1 1 1 1 1 1
0095 panda_437620_907.root 1 1 1 1 1 1
0095 panda_437620_908.root 1 1 1 1 1 1
0095 panda_437620_909.root 1 1 1 1 1 1
0095 panda_437620_91.root 1 1 1 1 1 1
0095 panda_437620_910.root 1 1 1 1 1 1
0095 panda_437620_911.root 1 1 1 1 1 1
0095 panda_437620_912.root 1 1 1 1 1 1
0095 panda_437620_913.root 1 1 1 1 1 1
0096 panda_437620_914.root 1 1 1 1 1 1
0096 panda_437620_915.root 1 1 1 1 1 1
0096 panda_437620_916.root 1 1 1 1 1 1
0096 panda_437620_917.root 1 1 1 1 1 1
0096 panda_437620_918.root 1 1 1 1 1 1
0096 panda_437620_919.root 1 1 1 1 1 1
0096 panda_437620_92.root 1 1 1 1 1 1
0096 panda_437620_920.root 1 1 1 1 1 1
0096 panda_437620_921.root 1 1 1 1 1 1
0096 panda_437620_922.root 1 1 1 1 1 1
0096 panda_437620_923.root 1 1 1 1 1 1
0096 panda_437620_924.root 1 1 1 1 1 1
0096 panda_437620_925.root 1 1 1 1 1 1
0096 panda_437620_926.root 1 1 1 1 1 1
0096 panda_437620_927.root 1 1 1 1 1 1
0096 panda_437620_928.root 1 1 1 1 1 1
0096 panda_437620_929.root 1 1 1 1 1 1
0096 panda_437620_93.root 1 1 1 1 1 1
0096 panda_437620_930.root 1 1 1 1 1 1
0096 panda_437620_931.root 1 1 1 1 1 1
0097 panda_437620_932.root 1 1 1 1 1 1
0097 panda_437620_933.root 1 1 1 1 1 1
0097 panda_437620_934.root 1 1 1 1 1 1
0097 panda_437620_935.root 1 1 1 1 1 1
0097 panda_437620_936.root 1 1 1 1 1 1
0097 panda_437620_937.root 1 1 1 1 1 1
0097 panda_437620_938.root 1 1 1 1 1 1
0097 panda_437620_939.root 1 1 1 1 1 1
0097 panda_437620_94.root 1 1 1 1 1 1
0097 panda_437620_940.root 1 1 1 1 1 1
0097 panda_437620_941.root 1 1 1 1 1 1
0097 panda_437620_942.root 1 1 1 1 1 1
0097 panda_437620_945.root 1 1 1 1 1 1
0097 panda_437620_946.root 1 1 1 1 1 1
0097 panda_437620_947.root 1 1 1 1 1 1
0097 panda_437620_948.root 1 1 1 1 1 1
0097 panda_437620_949.root 1 1 1 1 1 1
0097 panda_437620_95.root 1 1 1 1 1 1
0097 panda_437620_950.root 1 1 1 1 1 1
0097 panda_437620_951.root 1 1 1 1 1 1
0098 panda_437620_952.root 1 1 1 1 1 1
0098 panda_437620_953.root 1 1 1 1 1 1
0098 panda_437620_954.root 1 1 1 1 1 1
0098 panda_437620_955.root 1 1 1 1 1 1
0098 panda_437620_957.root 1 1 1 1 1 1
0098 panda_437620_958.root 1 1 1 1 1 1
0098 panda_437620_959.root 1 1 1 1 1 1
0098 panda_437620_960.root 1 1 1 1 1 1
0098 panda_437620_961.root 1 1 1 1 1 1
0098 panda_437620_963.root 1 1 1 1 1 1
0098 panda_437620_965.root 1 1 1 1 1 1
0098 panda_437620_966.root 1 1 1 1 1 1
0098 panda_437620_967.root 1 1 1 1 1 1
0098 panda_437620_968.root 1 1 1 1 1 1
0098 panda_437620_969.root 1 1 1 1 1 1
0098 panda_437620_97.root 1 1 1 1 1 1
0098 panda_437620_971.root 1 1 1 1 1 1
0098 panda_437620_972.root 1 1 1 1 1 1
0098 panda_437620_973.root 1 1 1 1 1 1
0098 panda_437620_975.root 1 1 1 1 1 1
0099 panda_437620_976.root 1 1 1 1 1 1
0099 panda_437620_977.root 1 1 1 1 1 1
0099 panda_437620_978.root 1 1 1 1 1 1
0099 panda_437620_979.root 1 1 1 1 1 1
0099 panda_437620_98.root 1 1 1 1 1 1
0099 panda_437620_980.root 1 1 1 1 1 1
0099 panda_437620_981.root 1 1 1 1 1 1
0099 panda_437620_982.root 1 1 1 1 1 1
0099 panda_437620_983.root 1 1 1 1 1 1
0099 panda_437620_985.root 1 1 1 1 1 1
0099 panda_437620_986.root 1 1 1 1 1 1
0099 panda_437620_987.root 1 1 1 1 1 1
0099 panda_437620_988.root 1 1 1 1 1 1
0099 panda_437620_989.root 1 1 1 1 1 1
0099 panda_437620_99.root 1 1 1 1 1 1
0099 panda_437620_990.root 1 1 1 1 1 1
0099 panda_437620_991.root 1 1 1 1 1 1
0099 panda_437620_992.root 1 1 1 1 1 1
0099 panda_437620_993.root 1 1 1 1 1 1
0099 panda_437620_994.root 1 1 1 1 1 1
0100 panda_437620_995.root 1 1 1 1 1 1
0100 panda_437620_996.root 1 1 1 1 1 1
0100 panda_437620_997.root 1 1 1 1 1 1
0100 panda_437620_998.root 1 1 1 1 1 1
0100 panda_437620_999.root 1 1 1 1 1 1
