0000 panda_437619_10.root 1 1 1 1 1 1
0000 panda_437619_1000.root 1 1 1 1 1 1
0000 panda_437619_1001.root 1 1 1 1 1 1
0000 panda_437619_1003.root 1 1 1 1 1 1
0000 panda_437619_1004.root 1 1 1 1 1 1
0000 panda_437619_1008.root 1 1 1 1 1 1
0000 panda_437619_1010.root 1 1 1 1 1 1
0000 panda_437619_1011.root 1 1 1 1 1 1
0000 panda_437619_1012.root 1 1 1 1 1 1
0000 panda_437619_1013.root 1 1 1 1 1 1
0000 panda_437619_1014.root 1 1 1 1 1 1
0000 panda_437619_1015.root 1 1 1 1 1 1
0000 panda_437619_1016.root 1 1 1 1 1 1
0000 panda_437619_1017.root 1 1 1 1 1 1
0000 panda_437619_1018.root 1 1 1 1 1 1
0000 panda_437619_1019.root 1 1 1 1 1 1
0000 panda_437619_102.root 1 1 1 1 1 1
0000 panda_437619_1021.root 1 1 1 1 1 1
0000 panda_437619_1022.root 1 1 1 1 1 1
0000 panda_437619_1024.root 1 1 1 1 1 1
0001 panda_437619_1025.root 1 1 1 1 1 1
0001 panda_437619_1027.root 1 1 1 1 1 1
0001 panda_437619_1028.root 1 1 1 1 1 1
0001 panda_437619_1032.root 1 1 1 1 1 1
0001 panda_437619_1034.root 1 1 1 1 1 1
0001 panda_437619_1035.root 1 1 1 1 1 1
0001 panda_437619_1036.root 1 1 1 1 1 1
0001 panda_437619_1037.root 1 1 1 1 1 1
0001 panda_437619_1038.root 1 1 1 1 1 1
0001 panda_437619_1039.root 1 1 1 1 1 1
0001 panda_437619_1040.root 1 1 1 1 1 1
0001 panda_437619_1041.root 1 1 1 1 1 1
0001 panda_437619_1042.root 1 1 1 1 1 1
0001 panda_437619_1045.root 1 1 1 1 1 1
0001 panda_437619_1046.root 1 1 1 1 1 1
0001 panda_437619_1048.root 1 1 1 1 1 1
0001 panda_437619_1049.root 1 1 1 1 1 1
0001 panda_437619_105.root 1 1 1 1 1 1
0001 panda_437619_1051.root 1 1 1 1 1 1
0001 panda_437619_1052.root 1 1 1 1 1 1
0002 panda_437619_1053.root 1 1 1 1 1 1
0002 panda_437619_1054.root 1 1 1 1 1 1
0002 panda_437619_1055.root 1 1 1 1 1 1
0002 panda_437619_1056.root 1 1 1 1 1 1
0002 panda_437619_1057.root 1 1 1 1 1 1
0002 panda_437619_1059.root 1 1 1 1 1 1
0002 panda_437619_1060.root 1 1 1 1 1 1
0002 panda_437619_1061.root 1 1 1 1 1 1
0002 panda_437619_1063.root 1 1 1 1 1 1
0002 panda_437619_1064.root 1 1 1 1 1 1
0002 panda_437619_1065.root 1 1 1 1 1 1
0002 panda_437619_1066.root 1 1 1 1 1 1
0002 panda_437619_1067.root 1 1 1 1 1 1
0002 panda_437619_1068.root 1 1 1 1 1 1
0002 panda_437619_1069.root 1 1 1 1 1 1
0002 panda_437619_1070.root 1 1 1 1 1 1
0002 panda_437619_1071.root 1 1 1 1 1 1
0002 panda_437619_1072.root 1 1 1 1 1 1
0002 panda_437619_1073.root 1 1 1 1 1 1
0002 panda_437619_1075.root 1 1 1 1 1 1
0003 panda_437619_1076.root 1 1 1 1 1 1
0003 panda_437619_1077.root 1 1 1 1 1 1
0003 panda_437619_1078.root 1 1 1 1 1 1
0003 panda_437619_1080.root 1 1 1 1 1 1
0003 panda_437619_1083.root 1 1 1 1 1 1
0003 panda_437619_1085.root 1 1 1 1 1 1
0003 panda_437619_1086.root 1 1 1 1 1 1
0003 panda_437619_1088.root 1 1 1 1 1 1
0003 panda_437619_1089.root 1 1 1 1 1 1
0003 panda_437619_1091.root 1 1 1 1 1 1
0003 panda_437619_1092.root 1 1 1 1 1 1
0003 panda_437619_1093.root 1 1 1 1 1 1
0003 panda_437619_1094.root 1 1 1 1 1 1
0003 panda_437619_1095.root 1 1 1 1 1 1
0003 panda_437619_1097.root 1 1 1 1 1 1
0003 panda_437619_1098.root 1 1 1 1 1 1
0003 panda_437619_11.root 1 1 1 1 1 1
0003 panda_437619_1166.root 1 1 1 1 1 1
0003 panda_437619_1167.root 1 1 1 1 1 1
0003 panda_437619_1168.root 1 1 1 1 1 1
0004 panda_437619_1169.root 1 1 1 1 1 1
0004 panda_437619_1170.root 1 1 1 1 1 1
0004 panda_437619_1171.root 1 1 1 1 1 1
0004 panda_437619_1172.root 1 1 1 1 1 1
0004 panda_437619_1173.root 1 1 1 1 1 1
0004 panda_437619_1174.root 1 1 1 1 1 1
0004 panda_437619_1177.root 1 1 1 1 1 1
0004 panda_437619_1179.root 1 1 1 1 1 1
0004 panda_437619_1181.root 1 1 1 1 1 1
0004 panda_437619_1183.root 1 1 1 1 1 1
0004 panda_437619_1184.root 1 1 1 1 1 1
0004 panda_437619_1185.root 1 1 1 1 1 1
0004 panda_437619_1186.root 1 1 1 1 1 1
0004 panda_437619_1187.root 1 1 1 1 1 1
0004 panda_437619_1188.root 1 1 1 1 1 1
0004 panda_437619_1189.root 1 1 1 1 1 1
0004 panda_437619_1192.root 1 1 1 1 1 1
0004 panda_437619_1193.root 1 1 1 1 1 1
0004 panda_437619_1194.root 1 1 1 1 1 1
0004 panda_437619_1195.root 1 1 1 1 1 1
0005 panda_437619_1196.root 1 1 1 1 1 1
0005 panda_437619_1198.root 1 1 1 1 1 1
0005 panda_437619_12.root 1 1 1 1 1 1
0005 panda_437619_1200.root 1 1 1 1 1 1
0005 panda_437619_1201.root 1 1 1 1 1 1
0005 panda_437619_1202.root 1 1 1 1 1 1
0005 panda_437619_1204.root 1 1 1 1 1 1
0005 panda_437619_1205.root 1 1 1 1 1 1
0005 panda_437619_1206.root 1 1 1 1 1 1
0005 panda_437619_1207.root 1 1 1 1 1 1
0005 panda_437619_1208.root 1 1 1 1 1 1
0005 panda_437619_1209.root 1 1 1 1 1 1
0005 panda_437619_121.root 1 1 1 1 1 1
0005 panda_437619_1210.root 1 1 1 1 1 1
0005 panda_437619_1211.root 1 1 1 1 1 1
0005 panda_437619_1212.root 1 1 1 1 1 1
0005 panda_437619_1213.root 1 1 1 1 1 1
0005 panda_437619_1214.root 1 1 1 1 1 1
0005 panda_437619_1216.root 1 1 1 1 1 1
0005 panda_437619_1218.root 1 1 1 1 1 1
0006 panda_437619_1219.root 1 1 1 1 1 1
0006 panda_437619_122.root 1 1 1 1 1 1
0006 panda_437619_1220.root 1 1 1 1 1 1
0006 panda_437619_1221.root 1 1 1 1 1 1
0006 panda_437619_1222.root 1 1 1 1 1 1
0006 panda_437619_1223.root 1 1 1 1 1 1
0006 panda_437619_1226.root 1 1 1 1 1 1
0006 panda_437619_1228.root 1 1 1 1 1 1
0006 panda_437619_1229.root 1 1 1 1 1 1
0006 panda_437619_123.root 1 1 1 1 1 1
0006 panda_437619_1230.root 1 1 1 1 1 1
0006 panda_437619_1231.root 1 1 1 1 1 1
0006 panda_437619_1232.root 1 1 1 1 1 1
0006 panda_437619_1233.root 1 1 1 1 1 1
0006 panda_437619_1234.root 1 1 1 1 1 1
0006 panda_437619_1236.root 1 1 1 1 1 1
0006 panda_437619_1237.root 1 1 1 1 1 1
0006 panda_437619_1238.root 1 1 1 1 1 1
0006 panda_437619_1239.root 1 1 1 1 1 1
0006 panda_437619_1240.root 1 1 1 1 1 1
0007 panda_437619_1245.root 1 1 1 1 1 1
0007 panda_437619_1248.root 1 1 1 1 1 1
0007 panda_437619_1249.root 1 1 1 1 1 1
0007 panda_437619_1251.root 1 1 1 1 1 1
0007 panda_437619_1252.root 1 1 1 1 1 1
0007 panda_437619_1254.root 1 1 1 1 1 1
0007 panda_437619_1256.root 1 1 1 1 1 1
0007 panda_437619_1257.root 1 1 1 1 1 1
0007 panda_437619_1260.root 1 1 1 1 1 1
0007 panda_437619_1261.root 1 1 1 1 1 1
0007 panda_437619_1264.root 1 1 1 1 1 1
0007 panda_437619_1268.root 1 1 1 1 1 1
0007 panda_437619_1274.root 1 1 1 1 1 1
0007 panda_437619_1275.root 1 1 1 1 1 1
0007 panda_437619_13.root 1 1 1 1 1 1
0007 panda_437619_130.root 1 1 1 1 1 1
0007 panda_437619_131.root 1 1 1 1 1 1
0007 panda_437619_1311.root 1 1 1 1 1 1
0007 panda_437619_1319.root 1 1 1 1 1 1
0007 panda_437619_1329.root 1 1 1 1 1 1
0008 panda_437619_1337.root 1 1 1 1 1 1
0008 panda_437619_1339.root 1 1 1 1 1 1
0008 panda_437619_134.root 1 1 1 1 1 1
0008 panda_437619_1341.root 1 1 1 1 1 1
0008 panda_437619_1343.root 1 1 1 1 1 1
0008 panda_437619_1352.root 1 1 1 1 1 1
0008 panda_437619_1354.root 1 1 1 1 1 1
0008 panda_437619_1358.root 1 1 1 1 1 1
0008 panda_437619_1359.root 1 1 1 1 1 1
0008 panda_437619_1360.root 1 1 1 1 1 1
0008 panda_437619_1364.root 1 1 1 1 1 1
0008 panda_437619_1369.root 1 1 1 1 1 1
0008 panda_437619_1370.root 1 1 1 1 1 1
0008 panda_437619_1373.root 1 1 1 1 1 1
0008 panda_437619_1376.root 1 1 1 1 1 1
0008 panda_437619_1377.root 1 1 1 1 1 1
0008 panda_437619_1384.root 1 1 1 1 1 1
0008 panda_437619_1385.root 1 1 1 1 1 1
0008 panda_437619_14.root 1 1 1 1 1 1
0008 panda_437619_1400.root 1 1 1 1 1 1
0009 panda_437619_1401.root 1 1 1 1 1 1
0009 panda_437619_1402.root 1 1 1 1 1 1
0009 panda_437619_1404.root 1 1 1 1 1 1
0009 panda_437619_1405.root 1 1 1 1 1 1
0009 panda_437619_1406.root 1 1 1 1 1 1
0009 panda_437619_1407.root 1 1 1 1 1 1
0009 panda_437619_1408.root 1 1 1 1 1 1
0009 panda_437619_1409.root 1 1 1 1 1 1
0009 panda_437619_144.root 1 1 1 1 1 1
0009 panda_437619_1448.root 1 1 1 1 1 1
0009 panda_437619_145.root 1 1 1 1 1 1
0009 panda_437619_1450.root 1 1 1 1 1 1
0009 panda_437619_1451.root 1 1 1 1 1 1
0009 panda_437619_1453.root 1 1 1 1 1 1
0009 panda_437619_1454.root 1 1 1 1 1 1
0009 panda_437619_1455.root 1 1 1 1 1 1
0009 panda_437619_1456.root 1 1 1 1 1 1
0009 panda_437619_1458.root 1 1 1 1 1 1
0009 panda_437619_146.root 1 1 1 1 1 1
0009 panda_437619_1460.root 1 1 1 1 1 1
0010 panda_437619_1462.root 1 1 1 1 1 1
0010 panda_437619_1464.root 1 1 1 1 1 1
0010 panda_437619_1468.root 1 1 1 1 1 1
0010 panda_437619_1469.root 1 1 1 1 1 1
0010 panda_437619_1470.root 1 1 1 1 1 1
0010 panda_437619_1471.root 1 1 1 1 1 1
0010 panda_437619_1473.root 1 1 1 1 1 1
0010 panda_437619_1476.root 1 1 1 1 1 1
0010 panda_437619_1477.root 1 1 1 1 1 1
0010 panda_437619_1481.root 1 1 1 1 1 1
0010 panda_437619_1482.root 1 1 1 1 1 1
0010 panda_437619_1483.root 1 1 1 1 1 1
0010 panda_437619_1484.root 1 1 1 1 1 1
0010 panda_437619_1485.root 1 1 1 1 1 1
0010 panda_437619_1487.root 1 1 1 1 1 1
0010 panda_437619_1488.root 1 1 1 1 1 1
0010 panda_437619_1489.root 1 1 1 1 1 1
0010 panda_437619_1490.root 1 1 1 1 1 1
0010 panda_437619_1492.root 1 1 1 1 1 1
0010 panda_437619_1493.root 1 1 1 1 1 1
0011 panda_437619_1494.root 1 1 1 1 1 1
0011 panda_437619_1495.root 1 1 1 1 1 1
0011 panda_437619_1496.root 1 1 1 1 1 1
0011 panda_437619_1497.root 1 1 1 1 1 1
0011 panda_437619_1498.root 1 1 1 1 1 1
0011 panda_437619_1499.root 1 1 1 1 1 1
0011 panda_437619_1500.root 1 1 1 1 1 1
0011 panda_437619_1501.root 1 1 1 1 1 1
0011 panda_437619_1502.root 1 1 1 1 1 1
0011 panda_437619_1503.root 1 1 1 1 1 1
0011 panda_437619_1504.root 1 1 1 1 1 1
0011 panda_437619_1505.root 1 1 1 1 1 1
0011 panda_437619_1507.root 1 1 1 1 1 1
0011 panda_437619_1508.root 1 1 1 1 1 1
0011 panda_437619_1509.root 1 1 1 1 1 1
0011 panda_437619_1510.root 1 1 1 1 1 1
0011 panda_437619_1511.root 1 1 1 1 1 1
0011 panda_437619_1512.root 1 1 1 1 1 1
0011 panda_437619_1513.root 1 1 1 1 1 1
0011 panda_437619_1514.root 1 1 1 1 1 1
0012 panda_437619_1515.root 1 1 1 1 1 1
0012 panda_437619_152.root 1 1 1 1 1 1
0012 panda_437619_1520.root 1 1 1 1 1 1
0012 panda_437619_1522.root 1 1 1 1 1 1
0012 panda_437619_1525.root 1 1 1 1 1 1
0012 panda_437619_1528.root 1 1 1 1 1 1
0012 panda_437619_153.root 1 1 1 1 1 1
0012 panda_437619_1550.root 1 1 1 1 1 1
0012 panda_437619_1551.root 1 1 1 1 1 1
0012 panda_437619_1553.root 1 1 1 1 1 1
0012 panda_437619_1555.root 1 1 1 1 1 1
0012 panda_437619_1557.root 1 1 1 1 1 1
0012 panda_437619_1559.root 1 1 1 1 1 1
0012 panda_437619_1560.root 1 1 1 1 1 1
0012 panda_437619_1561.root 1 1 1 1 1 1
0012 panda_437619_1564.root 1 1 1 1 1 1
0012 panda_437619_1565.root 1 1 1 1 1 1
0012 panda_437619_1568.root 1 1 1 1 1 1
0012 panda_437619_1593.root 1 1 1 1 1 1
0012 panda_437619_1596.root 1 1 1 1 1 1
0013 panda_437619_1597.root 1 1 1 1 1 1
0013 panda_437619_1602.root 1 1 1 1 1 1
0013 panda_437619_1603.root 1 1 1 1 1 1
0013 panda_437619_1604.root 1 1 1 1 1 1
0013 panda_437619_1605.root 1 1 1 1 1 1
0013 panda_437619_1607.root 1 1 1 1 1 1
0013 panda_437619_1608.root 1 1 1 1 1 1
0013 panda_437619_1609.root 1 1 1 1 1 1
0013 panda_437619_1611.root 1 1 1 1 1 1
0013 panda_437619_1622.root 1 1 1 1 1 1
0013 panda_437619_1623.root 1 1 1 1 1 1
0013 panda_437619_1624.root 1 1 1 1 1 1
0013 panda_437619_1628.root 1 1 1 1 1 1
0013 panda_437619_1629.root 1 1 1 1 1 1
0013 panda_437619_1630.root 1 1 1 1 1 1
0013 panda_437619_1631.root 1 1 1 1 1 1
0013 panda_437619_1632.root 1 1 1 1 1 1
0013 panda_437619_1633.root 1 1 1 1 1 1
0013 panda_437619_1635.root 1 1 1 1 1 1
0013 panda_437619_1636.root 1 1 1 1 1 1
0014 panda_437619_1637.root 1 1 1 1 1 1
0014 panda_437619_1638.root 1 1 1 1 1 1
0014 panda_437619_1639.root 1 1 1 1 1 1
0014 panda_437619_164.root 1 1 1 1 1 1
0014 panda_437619_1640.root 1 1 1 1 1 1
0014 panda_437619_1641.root 1 1 1 1 1 1
0014 panda_437619_1642.root 1 1 1 1 1 1
0014 panda_437619_1643.root 1 1 1 1 1 1
0014 panda_437619_165.root 1 1 1 1 1 1
0014 panda_437619_1650.root 1 1 1 1 1 1
0014 panda_437619_1651.root 1 1 1 1 1 1
0014 panda_437619_1653.root 1 1 1 1 1 1
0014 panda_437619_1654.root 1 1 1 1 1 1
0014 panda_437619_1657.root 1 1 1 1 1 1
0014 panda_437619_166.root 1 1 1 1 1 1
0014 panda_437619_1662.root 1 1 1 1 1 1
0014 panda_437619_1663.root 1 1 1 1 1 1
0014 panda_437619_1664.root 1 1 1 1 1 1
0014 panda_437619_1665.root 1 1 1 1 1 1
0014 panda_437619_1666.root 1 1 1 1 1 1
0015 panda_437619_1667.root 1 1 1 1 1 1
0015 panda_437619_1668.root 1 1 1 1 1 1
0015 panda_437619_1669.root 1 1 1 1 1 1
0015 panda_437619_167.root 1 1 1 1 1 1
0015 panda_437619_168.root 1 1 1 1 1 1
0015 panda_437619_169.root 1 1 1 1 1 1
0015 panda_437619_1692.root 1 1 1 1 1 1
0015 panda_437619_1695.root 1 1 1 1 1 1
0015 panda_437619_1696.root 1 1 1 1 1 1
0015 panda_437619_1697.root 1 1 1 1 1 1
0015 panda_437619_1698.root 1 1 1 1 1 1
0015 panda_437619_170.root 1 1 1 1 1 1
0015 panda_437619_1701.root 1 1 1 1 1 1
0015 panda_437619_1702.root 1 1 1 1 1 1
0015 panda_437619_1703.root 1 1 1 1 1 1
0015 panda_437619_1704.root 1 1 1 1 1 1
0015 panda_437619_1706.root 1 1 1 1 1 1
0015 panda_437619_1707.root 1 1 1 1 1 1
0015 panda_437619_1708.root 1 1 1 1 1 1
0015 panda_437619_1709.root 1 1 1 1 1 1
0016 panda_437619_1711.root 1 1 1 1 1 1
0016 panda_437619_1712.root 1 1 1 1 1 1
0016 panda_437619_1713.root 1 1 1 1 1 1
0016 panda_437619_1714.root 1 1 1 1 1 1
0016 panda_437619_1715.root 1 1 1 1 1 1
0016 panda_437619_1716.root 1 1 1 1 1 1
0016 panda_437619_1717.root 1 1 1 1 1 1
0016 panda_437619_1718.root 1 1 1 1 1 1
0016 panda_437619_1719.root 1 1 1 1 1 1
0016 panda_437619_1720.root 1 1 1 1 1 1
0016 panda_437619_1721.root 1 1 1 1 1 1
0016 panda_437619_1725.root 1 1 1 1 1 1
0016 panda_437619_1726.root 1 1 1 1 1 1
0016 panda_437619_1727.root 1 1 1 1 1 1
0016 panda_437619_1728.root 1 1 1 1 1 1
0016 panda_437619_1729.root 1 1 1 1 1 1
0016 panda_437619_1730.root 1 1 1 1 1 1
0016 panda_437619_1732.root 1 1 1 1 1 1
0016 panda_437619_1734.root 1 1 1 1 1 1
0016 panda_437619_1735.root 1 1 1 1 1 1
0017 panda_437619_1736.root 1 1 1 1 1 1
0017 panda_437619_1737.root 1 1 1 1 1 1
0017 panda_437619_1738.root 1 1 1 1 1 1
0017 panda_437619_1739.root 1 1 1 1 1 1
0017 panda_437619_1749.root 1 1 1 1 1 1
0017 panda_437619_1750.root 1 1 1 1 1 1
0017 panda_437619_1751.root 1 1 1 1 1 1
0017 panda_437619_1752.root 1 1 1 1 1 1
0017 panda_437619_1753.root 1 1 1 1 1 1
0017 panda_437619_1754.root 1 1 1 1 1 1
0017 panda_437619_1755.root 1 1 1 1 1 1
0017 panda_437619_1756.root 1 1 1 1 1 1
0017 panda_437619_1757.root 1 1 1 1 1 1
0017 panda_437619_1758.root 1 1 1 1 1 1
0017 panda_437619_1759.root 1 1 1 1 1 1
0017 panda_437619_1762.root 1 1 1 1 1 1
0017 panda_437619_1763.root 1 1 1 1 1 1
0017 panda_437619_1824.root 1 1 1 1 1 1
0017 panda_437619_1831.root 1 1 1 1 1 1
0017 panda_437619_1832.root 1 1 1 1 1 1
0018 panda_437619_1833.root 1 1 1 1 1 1
0018 panda_437619_1834.root 1 1 1 1 1 1
0018 panda_437619_184.root 1 1 1 1 1 1
0018 panda_437619_1843.root 1 1 1 1 1 1
0018 panda_437619_1844.root 1 1 1 1 1 1
0018 panda_437619_1846.root 1 1 1 1 1 1
0018 panda_437619_1847.root 1 1 1 1 1 1
0018 panda_437619_186.root 1 1 1 1 1 1
0018 panda_437619_1893.root 1 1 1 1 1 1
0018 panda_437619_1894.root 1 1 1 1 1 1
0018 panda_437619_1910.root 1 1 1 1 1 1
0018 panda_437619_1911.root 1 1 1 1 1 1
0018 panda_437619_1912.root 1 1 1 1 1 1
0018 panda_437619_1913.root 1 1 1 1 1 1
0018 panda_437619_1914.root 1 1 1 1 1 1
0018 panda_437619_1915.root 1 1 1 1 1 1
0018 panda_437619_1917.root 1 1 1 1 1 1
0018 panda_437619_1918.root 1 1 1 1 1 1
0018 panda_437619_1924.root 1 1 1 1 1 1
0018 panda_437619_1925.root 1 1 1 1 1 1
0019 panda_437619_1926.root 1 1 1 1 1 1
0019 panda_437619_1927.root 1 1 1 1 1 1
0019 panda_437619_193.root 1 1 1 1 1 1
0019 panda_437619_1933.root 1 1 1 1 1 1
0019 panda_437619_1934.root 1 1 1 1 1 1
0019 panda_437619_1935.root 1 1 1 1 1 1
0019 panda_437619_194.root 1 1 1 1 1 1
0019 panda_437619_1941.root 1 1 1 1 1 1
0019 panda_437619_1942.root 1 1 1 1 1 1
0019 panda_437619_1944.root 1 1 1 1 1 1
0019 panda_437619_1945.root 1 1 1 1 1 1
0019 panda_437619_1947.root 1 1 1 1 1 1
0019 panda_437619_1948.root 1 1 1 1 1 1
0019 panda_437619_1949.root 1 1 1 1 1 1
0019 panda_437619_195.root 1 1 1 1 1 1
0019 panda_437619_1950.root 1 1 1 1 1 1
0019 panda_437619_1952.root 1 1 1 1 1 1
0019 panda_437619_1953.root 1 1 1 1 1 1
0019 panda_437619_1954.root 1 1 1 1 1 1
0019 panda_437619_1955.root 1 1 1 1 1 1
0020 panda_437619_1956.root 1 1 1 1 1 1
0020 panda_437619_1957.root 1 1 1 1 1 1
0020 panda_437619_1958.root 1 1 1 1 1 1
0020 panda_437619_1967.root 1 1 1 1 1 1
0020 panda_437619_1968.root 1 1 1 1 1 1
0020 panda_437619_1971.root 1 1 1 1 1 1
0020 panda_437619_1973.root 1 1 1 1 1 1
0020 panda_437619_1974.root 1 1 1 1 1 1
0020 panda_437619_1981.root 1 1 1 1 1 1
0020 panda_437619_1982.root 1 1 1 1 1 1
0020 panda_437619_1983.root 1 1 1 1 1 1
0020 panda_437619_1984.root 1 1 1 1 1 1
0020 panda_437619_1985.root 1 1 1 1 1 1
0020 panda_437619_1986.root 1 1 1 1 1 1
0020 panda_437619_1987.root 1 1 1 1 1 1
0020 panda_437619_1988.root 1 1 1 1 1 1
0020 panda_437619_1990.root 1 1 1 1 1 1
0020 panda_437619_1991.root 1 1 1 1 1 1
0020 panda_437619_1992.root 1 1 1 1 1 1
0020 panda_437619_1993.root 1 1 1 1 1 1
0021 panda_437619_1994.root 1 1 1 1 1 1
0021 panda_437619_1995.root 1 1 1 1 1 1
0021 panda_437619_1997.root 1 1 1 1 1 1
0021 panda_437619_1998.root 1 1 1 1 1 1
0021 panda_437619_2002.root 1 1 1 1 1 1
0021 panda_437619_2014.root 1 1 1 1 1 1
0021 panda_437619_202.root 1 1 1 1 1 1
0021 panda_437619_2020.root 1 1 1 1 1 1
0021 panda_437619_2022.root 1 1 1 1 1 1
0021 panda_437619_2023.root 1 1 1 1 1 1
0021 panda_437619_2024.root 1 1 1 1 1 1
0021 panda_437619_2025.root 1 1 1 1 1 1
0021 panda_437619_2026.root 1 1 1 1 1 1
0021 panda_437619_2027.root 1 1 1 1 1 1
0021 panda_437619_2028.root 1 1 1 1 1 1
0021 panda_437619_2029.root 1 1 1 1 1 1
0021 panda_437619_2031.root 1 1 1 1 1 1
0021 panda_437619_2032.root 1 1 1 1 1 1
0021 panda_437619_2033.root 1 1 1 1 1 1
0021 panda_437619_2034.root 1 1 1 1 1 1
0022 panda_437619_2036.root 1 1 1 1 1 1
0022 panda_437619_2037.root 1 1 1 1 1 1
0022 panda_437619_2038.root 1 1 1 1 1 1
0022 panda_437619_204.root 1 1 1 1 1 1
0022 panda_437619_2052.root 1 1 1 1 1 1
0022 panda_437619_2055.root 1 1 1 1 1 1
0022 panda_437619_2057.root 1 1 1 1 1 1
0022 panda_437619_2058.root 1 1 1 1 1 1
0022 panda_437619_206.root 1 1 1 1 1 1
0022 panda_437619_2062.root 1 1 1 1 1 1
0022 panda_437619_2063.root 1 1 1 1 1 1
0022 panda_437619_2064.root 1 1 1 1 1 1
0022 panda_437619_2067.root 1 1 1 1 1 1
0022 panda_437619_2068.root 1 1 1 1 1 1
0022 panda_437619_207.root 1 1 1 1 1 1
0022 panda_437619_2073.root 1 1 1 1 1 1
0022 panda_437619_2074.root 1 1 1 1 1 1
0022 panda_437619_2076.root 1 1 1 1 1 1
0022 panda_437619_2078.root 1 1 1 1 1 1
0022 panda_437619_2081.root 1 1 1 1 1 1
0023 panda_437619_2082.root 1 1 1 1 1 1
0023 panda_437619_2084.root 1 1 1 1 1 1
0023 panda_437619_209.root 1 1 1 1 1 1
0023 panda_437619_2090.root 1 1 1 1 1 1
0023 panda_437619_2093.root 1 1 1 1 1 1
0023 panda_437619_2094.root 1 1 1 1 1 1
0023 panda_437619_2097.root 1 1 1 1 1 1
0023 panda_437619_2098.root 1 1 1 1 1 1
0023 panda_437619_210.root 1 1 1 1 1 1
0023 panda_437619_2100.root 1 1 1 1 1 1
0023 panda_437619_2101.root 1 1 1 1 1 1
0023 panda_437619_2102.root 1 1 1 1 1 1
0023 panda_437619_2103.root 1 1 1 1 1 1
0023 panda_437619_2104.root 1 1 1 1 1 1
0023 panda_437619_2107.root 1 1 1 1 1 1
0023 panda_437619_211.root 1 1 1 1 1 1
0023 panda_437619_2110.root 1 1 1 1 1 1
0023 panda_437619_2112.root 1 1 1 1 1 1
0023 panda_437619_2114.root 1 1 1 1 1 1
0023 panda_437619_2115.root 1 1 1 1 1 1
0024 panda_437619_2117.root 1 1 1 1 1 1
0024 panda_437619_2118.root 1 1 1 1 1 1
0024 panda_437619_2119.root 1 1 1 1 1 1
0024 panda_437619_212.root 1 1 1 1 1 1
0024 panda_437619_2120.root 1 1 1 1 1 1
0024 panda_437619_2121.root 1 1 1 1 1 1
0024 panda_437619_2122.root 1 1 1 1 1 1
0024 panda_437619_2123.root 1 1 1 1 1 1
0024 panda_437619_2124.root 1 1 1 1 1 1
0024 panda_437619_2125.root 1 1 1 1 1 1
0024 panda_437619_2126.root 1 1 1 1 1 1
0024 panda_437619_2127.root 1 1 1 1 1 1
0024 panda_437619_213.root 1 1 1 1 1 1
0024 panda_437619_2137.root 1 1 1 1 1 1
0024 panda_437619_2138.root 1 1 1 1 1 1
0024 panda_437619_2139.root 1 1 1 1 1 1
0024 panda_437619_214.root 1 1 1 1 1 1
0024 panda_437619_2140.root 1 1 1 1 1 1
0024 panda_437619_2142.root 1 1 1 1 1 1
0024 panda_437619_2143.root 1 1 1 1 1 1
0025 panda_437619_215.root 1 1 1 1 1 1
0025 panda_437619_2158.root 1 1 1 1 1 1
0025 panda_437619_2159.root 1 1 1 1 1 1
0025 panda_437619_216.root 1 1 1 1 1 1
0025 panda_437619_2160.root 1 1 1 1 1 1
0025 panda_437619_2166.root 1 1 1 1 1 1
0025 panda_437619_2169.root 1 1 1 1 1 1
0025 panda_437619_217.root 1 1 1 1 1 1
0025 panda_437619_2170.root 1 1 1 1 1 1
0025 panda_437619_2171.root 1 1 1 1 1 1
0025 panda_437619_2172.root 1 1 1 1 1 1
0025 panda_437619_2174.root 1 1 1 1 1 1
0025 panda_437619_2175.root 1 1 1 1 1 1
0025 panda_437619_2176.root 1 1 1 1 1 1
0025 panda_437619_218.root 1 1 1 1 1 1
0025 panda_437619_219.root 1 1 1 1 1 1
0025 panda_437619_2198.root 1 1 1 1 1 1
0025 panda_437619_2199.root 1 1 1 1 1 1
0025 panda_437619_2207.root 1 1 1 1 1 1
0025 panda_437619_2209.root 1 1 1 1 1 1
0026 panda_437619_221.root 1 1 1 1 1 1
0026 panda_437619_2210.root 1 1 1 1 1 1
0026 panda_437619_2211.root 1 1 1 1 1 1
0026 panda_437619_2212.root 1 1 1 1 1 1
0026 panda_437619_2213.root 1 1 1 1 1 1
0026 panda_437619_2215.root 1 1 1 1 1 1
0026 panda_437619_2216.root 1 1 1 1 1 1
0026 panda_437619_2217.root 1 1 1 1 1 1
0026 panda_437619_2218.root 1 1 1 1 1 1
0026 panda_437619_2219.root 1 1 1 1 1 1
0026 panda_437619_2220.root 1 1 1 1 1 1
0026 panda_437619_2221.root 1 1 1 1 1 1
0026 panda_437619_2222.root 1 1 1 1 1 1
0026 panda_437619_2223.root 1 1 1 1 1 1
0026 panda_437619_2224.root 1 1 1 1 1 1
0026 panda_437619_2225.root 1 1 1 1 1 1
0026 panda_437619_2227.root 1 1 1 1 1 1
0026 panda_437619_2228.root 1 1 1 1 1 1
0026 panda_437619_2229.root 1 1 1 1 1 1
0026 panda_437619_223.root 1 1 1 1 1 1
0027 panda_437619_2230.root 1 1 1 1 1 1
0027 panda_437619_2231.root 1 1 1 1 1 1
0027 panda_437619_2232.root 1 1 1 1 1 1
0027 panda_437619_2234.root 1 1 1 1 1 1
0027 panda_437619_2235.root 1 1 1 1 1 1
0027 panda_437619_2236.root 1 1 1 1 1 1
0027 panda_437619_2237.root 1 1 1 1 1 1
0027 panda_437619_224.root 1 1 1 1 1 1
0027 panda_437619_2243.root 1 1 1 1 1 1
0027 panda_437619_2245.root 1 1 1 1 1 1
0027 panda_437619_2248.root 1 1 1 1 1 1
0027 panda_437619_225.root 1 1 1 1 1 1
0027 panda_437619_2250.root 1 1 1 1 1 1
0027 panda_437619_2255.root 1 1 1 1 1 1
0027 panda_437619_2256.root 1 1 1 1 1 1
0027 panda_437619_2257.root 1 1 1 1 1 1
0027 panda_437619_2259.root 1 1 1 1 1 1
0027 panda_437619_2260.root 1 1 1 1 1 1
0027 panda_437619_2261.root 1 1 1 1 1 1
0027 panda_437619_227.root 1 1 1 1 1 1
0028 panda_437619_2275.root 1 1 1 1 1 1
0028 panda_437619_2276.root 1 1 1 1 1 1
0028 panda_437619_2277.root 1 1 1 1 1 1
0028 panda_437619_2278.root 1 1 1 1 1 1
0028 panda_437619_2279.root 1 1 1 1 1 1
0028 panda_437619_228.root 1 1 1 1 1 1
0028 panda_437619_2280.root 1 1 1 1 1 1
0028 panda_437619_2282.root 1 1 1 1 1 1
0028 panda_437619_2283.root 1 1 1 1 1 1
0028 panda_437619_2287.root 1 1 1 1 1 1
0028 panda_437619_2289.root 1 1 1 1 1 1
0028 panda_437619_229.root 1 1 1 1 1 1
0028 panda_437619_2290.root 1 1 1 1 1 1
0028 panda_437619_2291.root 1 1 1 1 1 1
0028 panda_437619_2292.root 1 1 1 1 1 1
0028 panda_437619_2293.root 1 1 1 1 1 1
0028 panda_437619_230.root 1 1 1 1 1 1
0028 panda_437619_2300.root 1 1 1 1 1 1
0028 panda_437619_2303.root 1 1 1 1 1 1
0028 panda_437619_2304.root 1 1 1 1 1 1
0029 panda_437619_2308.root 1 1 1 1 1 1
0029 panda_437619_2314.root 1 1 1 1 1 1
0029 panda_437619_2319.root 1 1 1 1 1 1
0029 panda_437619_232.root 1 1 1 1 1 1
0029 panda_437619_2321.root 1 1 1 1 1 1
0029 panda_437619_2322.root 1 1 1 1 1 1
0029 panda_437619_2323.root 1 1 1 1 1 1
0029 panda_437619_2324.root 1 1 1 1 1 1
0029 panda_437619_2325.root 1 1 1 1 1 1
0029 panda_437619_2326.root 1 1 1 1 1 1
0029 panda_437619_2328.root 1 1 1 1 1 1
0029 panda_437619_2329.root 1 1 1 1 1 1
0029 panda_437619_233.root 1 1 1 1 1 1
0029 panda_437619_2330.root 1 1 1 1 1 1
0029 panda_437619_2331.root 1 1 1 1 1 1
0029 panda_437619_2332.root 1 1 1 1 1 1
0029 panda_437619_2333.root 1 1 1 1 1 1
0029 panda_437619_2336.root 1 1 1 1 1 1
0029 panda_437619_2337.root 1 1 1 1 1 1
0029 panda_437619_234.root 1 1 1 1 1 1
0030 panda_437619_2343.root 1 1 1 1 1 1
0030 panda_437619_2345.root 1 1 1 1 1 1
0030 panda_437619_2346.root 1 1 1 1 1 1
0030 panda_437619_2347.root 1 1 1 1 1 1
0030 panda_437619_2348.root 1 1 1 1 1 1
0030 panda_437619_2349.root 1 1 1 1 1 1
0030 panda_437619_2353.root 1 1 1 1 1 1
0030 panda_437619_2355.root 1 1 1 1 1 1
0030 panda_437619_2357.root 1 1 1 1 1 1
0030 panda_437619_236.root 1 1 1 1 1 1
0030 panda_437619_2364.root 1 1 1 1 1 1
0030 panda_437619_2365.root 1 1 1 1 1 1
0030 panda_437619_2366.root 1 1 1 1 1 1
0030 panda_437619_2367.root 1 1 1 1 1 1
0030 panda_437619_237.root 1 1 1 1 1 1
0030 panda_437619_2370.root 1 1 1 1 1 1
0030 panda_437619_2371.root 1 1 1 1 1 1
0030 panda_437619_2373.root 1 1 1 1 1 1
0030 panda_437619_2374.root 1 1 1 1 1 1
0030 panda_437619_2375.root 1 1 1 1 1 1
0031 panda_437619_2379.root 1 1 1 1 1 1
0031 panda_437619_238.root 1 1 1 1 1 1
0031 panda_437619_2382.root 1 1 1 1 1 1
0031 panda_437619_2384.root 1 1 1 1 1 1
0031 panda_437619_2385.root 1 1 1 1 1 1
0031 panda_437619_239.root 1 1 1 1 1 1
0031 panda_437619_2393.root 1 1 1 1 1 1
0031 panda_437619_2394.root 1 1 1 1 1 1
0031 panda_437619_2395.root 1 1 1 1 1 1
0031 panda_437619_2397.root 1 1 1 1 1 1
0031 panda_437619_2402.root 1 1 1 1 1 1
0031 panda_437619_2404.root 1 1 1 1 1 1
0031 panda_437619_2405.root 1 1 1 1 1 1
0031 panda_437619_2406.root 1 1 1 1 1 1
0031 panda_437619_2407.root 1 1 1 1 1 1
0031 panda_437619_2408.root 1 1 1 1 1 1
0031 panda_437619_2409.root 1 1 1 1 1 1
0031 panda_437619_241.root 1 1 1 1 1 1
0031 panda_437619_2410.root 1 1 1 1 1 1
0031 panda_437619_2411.root 1 1 1 1 1 1
0032 panda_437619_2417.root 1 1 1 1 1 1
0032 panda_437619_2418.root 1 1 1 1 1 1
0032 panda_437619_2419.root 1 1 1 1 1 1
0032 panda_437619_242.root 1 1 1 1 1 1
0032 panda_437619_2420.root 1 1 1 1 1 1
0032 panda_437619_2421.root 1 1 1 1 1 1
0032 panda_437619_2423.root 1 1 1 1 1 1
0032 panda_437619_2424.root 1 1 1 1 1 1
0032 panda_437619_243.root 1 1 1 1 1 1
0032 panda_437619_2430.root 1 1 1 1 1 1
0032 panda_437619_2432.root 1 1 1 1 1 1
0032 panda_437619_244.root 1 1 1 1 1 1
0032 panda_437619_2451.root 1 1 1 1 1 1
0032 panda_437619_2453.root 1 1 1 1 1 1
0032 panda_437619_2456.root 1 1 1 1 1 1
0032 panda_437619_2457.root 1 1 1 1 1 1
0032 panda_437619_2458.root 1 1 1 1 1 1
0032 panda_437619_2459.root 1 1 1 1 1 1
0032 panda_437619_2460.root 1 1 1 1 1 1
0032 panda_437619_2461.root 1 1 1 1 1 1
0033 panda_437619_2462.root 1 1 1 1 1 1
0033 panda_437619_2463.root 1 1 1 1 1 1
0033 panda_437619_2464.root 1 1 1 1 1 1
0033 panda_437619_2467.root 1 1 1 1 1 1
0033 panda_437619_2472.root 1 1 1 1 1 1
0033 panda_437619_2473.root 1 1 1 1 1 1
0033 panda_437619_2477.root 1 1 1 1 1 1
0033 panda_437619_248.root 1 1 1 1 1 1
0033 panda_437619_2481.root 1 1 1 1 1 1
0033 panda_437619_2490.root 1 1 1 1 1 1
0033 panda_437619_2492.root 1 1 1 1 1 1
0033 panda_437619_2494.root 1 1 1 1 1 1
0033 panda_437619_2495.root 1 1 1 1 1 1
0033 panda_437619_2496.root 1 1 1 1 1 1
0033 panda_437619_2497.root 1 1 1 1 1 1
0033 panda_437619_2498.root 1 1 1 1 1 1
0033 panda_437619_2502.root 1 1 1 1 1 1
0033 panda_437619_2512.root 1 1 1 1 1 1
0033 panda_437619_2515.root 1 1 1 1 1 1
0033 panda_437619_2519.root 1 1 1 1 1 1
0034 panda_437619_2520.root 1 1 1 1 1 1
0034 panda_437619_2521.root 1 1 1 1 1 1
0034 panda_437619_2522.root 1 1 1 1 1 1
0034 panda_437619_2528.root 1 1 1 1 1 1
0034 panda_437619_2532.root 1 1 1 1 1 1
0034 panda_437619_2533.root 1 1 1 1 1 1
0034 panda_437619_2534.root 1 1 1 1 1 1
0034 panda_437619_2536.root 1 1 1 1 1 1
0034 panda_437619_2537.root 1 1 1 1 1 1
0034 panda_437619_2543.root 1 1 1 1 1 1
0034 panda_437619_2544.root 1 1 1 1 1 1
0034 panda_437619_2546.root 1 1 1 1 1 1
0034 panda_437619_2552.root 1 1 1 1 1 1
0034 panda_437619_2553.root 1 1 1 1 1 1
0034 panda_437619_2554.root 1 1 1 1 1 1
0034 panda_437619_2555.root 1 1 1 1 1 1
0034 panda_437619_2556.root 1 1 1 1 1 1
0034 panda_437619_2557.root 1 1 1 1 1 1
0034 panda_437619_2558.root 1 1 1 1 1 1
0034 panda_437619_2559.root 1 1 1 1 1 1
0035 panda_437619_256.root 1 1 1 1 1 1
0035 panda_437619_2563.root 1 1 1 1 1 1
0035 panda_437619_2564.root 1 1 1 1 1 1
0035 panda_437619_2566.root 1 1 1 1 1 1
0035 panda_437619_2567.root 1 1 1 1 1 1
0035 panda_437619_2571.root 1 1 1 1 1 1
0035 panda_437619_2572.root 1 1 1 1 1 1
0035 panda_437619_2575.root 1 1 1 1 1 1
0035 panda_437619_2576.root 1 1 1 1 1 1
0035 panda_437619_2577.root 1 1 1 1 1 1
0035 panda_437619_2578.root 1 1 1 1 1 1
0035 panda_437619_2579.root 1 1 1 1 1 1
0035 panda_437619_258.root 1 1 1 1 1 1
0035 panda_437619_2589.root 1 1 1 1 1 1
0035 panda_437619_259.root 1 1 1 1 1 1
0035 panda_437619_2590.root 1 1 1 1 1 1
0035 panda_437619_2591.root 1 1 1 1 1 1
0035 panda_437619_2592.root 1 1 1 1 1 1
0035 panda_437619_2593.root 1 1 1 1 1 1
0035 panda_437619_2594.root 1 1 1 1 1 1
0036 panda_437619_2595.root 1 1 1 1 1 1
0036 panda_437619_2596.root 1 1 1 1 1 1
0036 panda_437619_2597.root 1 1 1 1 1 1
0036 panda_437619_2598.root 1 1 1 1 1 1
0036 panda_437619_2599.root 1 1 1 1 1 1
0036 panda_437619_2600.root 1 1 1 1 1 1
0036 panda_437619_2601.root 1 1 1 1 1 1
0036 panda_437619_2603.root 1 1 1 1 1 1
0036 panda_437619_2604.root 1 1 1 1 1 1
0036 panda_437619_2605.root 1 1 1 1 1 1
0036 panda_437619_2607.root 1 1 1 1 1 1
0036 panda_437619_2608.root 1 1 1 1 1 1
0036 panda_437619_261.root 1 1 1 1 1 1
0036 panda_437619_2616.root 1 1 1 1 1 1
0036 panda_437619_2617.root 1 1 1 1 1 1
0036 panda_437619_2618.root 1 1 1 1 1 1
0036 panda_437619_2620.root 1 1 1 1 1 1
0036 panda_437619_2622.root 1 1 1 1 1 1
0036 panda_437619_2623.root 1 1 1 1 1 1
0036 panda_437619_2625.root 1 1 1 1 1 1
0037 panda_437619_2626.root 1 1 1 1 1 1
0037 panda_437619_2627.root 1 1 1 1 1 1
0037 panda_437619_263.root 1 1 1 1 1 1
0037 panda_437619_2630.root 1 1 1 1 1 1
0037 panda_437619_2631.root 1 1 1 1 1 1
0037 panda_437619_2638.root 1 1 1 1 1 1
0037 panda_437619_2639.root 1 1 1 1 1 1
0037 panda_437619_2640.root 1 1 1 1 1 1
0037 panda_437619_2641.root 1 1 1 1 1 1
0037 panda_437619_2642.root 1 1 1 1 1 1
0037 panda_437619_2643.root 1 1 1 1 1 1
0037 panda_437619_2644.root 1 1 1 1 1 1
0037 panda_437619_2645.root 1 1 1 1 1 1
0037 panda_437619_2646.root 1 1 1 1 1 1
0037 panda_437619_2647.root 1 1 1 1 1 1
0037 panda_437619_2648.root 1 1 1 1 1 1
0037 panda_437619_2649.root 1 1 1 1 1 1
0037 panda_437619_265.root 1 1 1 1 1 1
0037 panda_437619_2651.root 1 1 1 1 1 1
0037 panda_437619_2655.root 1 1 1 1 1 1
0038 panda_437619_2656.root 1 1 1 1 1 1
0038 panda_437619_2657.root 1 1 1 1 1 1
0038 panda_437619_2658.root 1 1 1 1 1 1
0038 panda_437619_2659.root 1 1 1 1 1 1
0038 panda_437619_2661.root 1 1 1 1 1 1
0038 panda_437619_2662.root 1 1 1 1 1 1
0038 panda_437619_2663.root 1 1 1 1 1 1
0038 panda_437619_2667.root 1 1 1 1 1 1
0038 panda_437619_267.root 1 1 1 1 1 1
0038 panda_437619_2670.root 1 1 1 1 1 1
0038 panda_437619_2675.root 1 1 1 1 1 1
0038 panda_437619_2676.root 1 1 1 1 1 1
0038 panda_437619_2682.root 1 1 1 1 1 1
0038 panda_437619_2683.root 1 1 1 1 1 1
0038 panda_437619_2684.root 1 1 1 1 1 1
0038 panda_437619_2685.root 1 1 1 1 1 1
0038 panda_437619_2696.root 1 1 1 1 1 1
0038 panda_437619_2697.root 1 1 1 1 1 1
0038 panda_437619_2698.root 1 1 1 1 1 1
0038 panda_437619_2699.root 1 1 1 1 1 1
0039 panda_437619_2700.root 1 1 1 1 1 1
0039 panda_437619_2701.root 1 1 1 1 1 1
0039 panda_437619_2702.root 1 1 1 1 1 1
0039 panda_437619_2703.root 1 1 1 1 1 1
0039 panda_437619_2704.root 1 1 1 1 1 1
0039 panda_437619_2707.root 1 1 1 1 1 1
0039 panda_437619_2709.root 1 1 1 1 1 1
0039 panda_437619_2711.root 1 1 1 1 1 1
0039 panda_437619_2712.root 1 1 1 1 1 1
0039 panda_437619_2713.root 1 1 1 1 1 1
0039 panda_437619_2714.root 1 1 1 1 1 1
0039 panda_437619_2715.root 1 1 1 1 1 1
0039 panda_437619_2716.root 1 1 1 1 1 1
0039 panda_437619_2717.root 1 1 1 1 1 1
0039 panda_437619_2718.root 1 1 1 1 1 1
0039 panda_437619_2719.root 1 1 1 1 1 1
0039 panda_437619_2720.root 1 1 1 1 1 1
0039 panda_437619_2722.root 1 1 1 1 1 1
0039 panda_437619_2723.root 1 1 1 1 1 1
0039 panda_437619_2724.root 1 1 1 1 1 1
0040 panda_437619_2725.root 1 1 1 1 1 1
0040 panda_437619_2726.root 1 1 1 1 1 1
0040 panda_437619_2727.root 1 1 1 1 1 1
0040 panda_437619_2729.root 1 1 1 1 1 1
0040 panda_437619_2730.root 1 1 1 1 1 1
0040 panda_437619_2731.root 1 1 1 1 1 1
0040 panda_437619_2732.root 1 1 1 1 1 1
0040 panda_437619_2733.root 1 1 1 1 1 1
0040 panda_437619_2734.root 1 1 1 1 1 1
0040 panda_437619_2735.root 1 1 1 1 1 1
0040 panda_437619_2736.root 1 1 1 1 1 1
0040 panda_437619_2737.root 1 1 1 1 1 1
0040 panda_437619_2738.root 1 1 1 1 1 1
0040 panda_437619_2739.root 1 1 1 1 1 1
0040 panda_437619_2740.root 1 1 1 1 1 1
0040 panda_437619_2741.root 1 1 1 1 1 1
0040 panda_437619_2742.root 1 1 1 1 1 1
0040 panda_437619_2743.root 1 1 1 1 1 1
0040 panda_437619_2744.root 1 1 1 1 1 1
0040 panda_437619_2747.root 1 1 1 1 1 1
0041 panda_437619_2748.root 1 1 1 1 1 1
0041 panda_437619_2755.root 1 1 1 1 1 1
0041 panda_437619_2764.root 1 1 1 1 1 1
0041 panda_437619_2766.root 1 1 1 1 1 1
0041 panda_437619_2773.root 1 1 1 1 1 1
0041 panda_437619_2777.root 1 1 1 1 1 1
0041 panda_437619_2778.root 1 1 1 1 1 1
0041 panda_437619_2779.root 1 1 1 1 1 1
0041 panda_437619_2780.root 1 1 1 1 1 1
0041 panda_437619_2782.root 1 1 1 1 1 1
0041 panda_437619_2783.root 1 1 1 1 1 1
0041 panda_437619_2785.root 1 1 1 1 1 1
0041 panda_437619_2786.root 1 1 1 1 1 1
0041 panda_437619_2787.root 1 1 1 1 1 1
0041 panda_437619_2788.root 1 1 1 1 1 1
0041 panda_437619_2789.root 1 1 1 1 1 1
0041 panda_437619_2790.root 1 1 1 1 1 1
0041 panda_437619_2791.root 1 1 1 1 1 1
0041 panda_437619_2792.root 1 1 1 1 1 1
0041 panda_437619_2793.root 1 1 1 1 1 1
0042 panda_437619_2795.root 1 1 1 1 1 1
0042 panda_437619_2796.root 1 1 1 1 1 1
0042 panda_437619_2797.root 1 1 1 1 1 1
0042 panda_437619_2798.root 1 1 1 1 1 1
0042 panda_437619_2799.root 1 1 1 1 1 1
0042 panda_437619_28.root 1 1 1 1 1 1
0042 panda_437619_280.root 1 1 1 1 1 1
0042 panda_437619_2800.root 1 1 1 1 1 1
0042 panda_437619_2801.root 1 1 1 1 1 1
0042 panda_437619_2803.root 1 1 1 1 1 1
0042 panda_437619_2804.root 1 1 1 1 1 1
0042 panda_437619_2805.root 1 1 1 1 1 1
0042 panda_437619_2806.root 1 1 1 1 1 1
0042 panda_437619_2807.root 1 1 1 1 1 1
0042 panda_437619_2808.root 1 1 1 1 1 1
0042 panda_437619_2809.root 1 1 1 1 1 1
0042 panda_437619_2810.root 1 1 1 1 1 1
0042 panda_437619_2811.root 1 1 1 1 1 1
0042 panda_437619_2812.root 1 1 1 1 1 1
0042 panda_437619_2813.root 1 1 1 1 1 1
0043 panda_437619_2814.root 1 1 1 1 1 1
0043 panda_437619_2819.root 1 1 1 1 1 1
0043 panda_437619_2823.root 1 1 1 1 1 1
0043 panda_437619_2824.root 1 1 1 1 1 1
0043 panda_437619_2825.root 1 1 1 1 1 1
0043 panda_437619_2826.root 1 1 1 1 1 1
0043 panda_437619_2828.root 1 1 1 1 1 1
0043 panda_437619_2831.root 1 1 1 1 1 1
0043 panda_437619_2832.root 1 1 1 1 1 1
0043 panda_437619_2833.root 1 1 1 1 1 1
0043 panda_437619_2834.root 1 1 1 1 1 1
0043 panda_437619_2835.root 1 1 1 1 1 1
0043 panda_437619_2839.root 1 1 1 1 1 1
0043 panda_437619_2840.root 1 1 1 1 1 1
0043 panda_437619_2843.root 1 1 1 1 1 1
0043 panda_437619_2845.root 1 1 1 1 1 1
0043 panda_437619_2847.root 1 1 1 1 1 1
0043 panda_437619_285.root 1 1 1 1 1 1
0043 panda_437619_2854.root 1 1 1 1 1 1
0043 panda_437619_2855.root 1 1 1 1 1 1
0044 panda_437619_2856.root 1 1 1 1 1 1
0044 panda_437619_2858.root 1 1 1 1 1 1
0044 panda_437619_2861.root 1 1 1 1 1 1
0044 panda_437619_2862.root 1 1 1 1 1 1
0044 panda_437619_2863.root 1 1 1 1 1 1
0044 panda_437619_2864.root 1 1 1 1 1 1
0044 panda_437619_2865.root 1 1 1 1 1 1
0044 panda_437619_2866.root 1 1 1 1 1 1
0044 panda_437619_2868.root 1 1 1 1 1 1
0044 panda_437619_2869.root 1 1 1 1 1 1
0044 panda_437619_2870.root 1 1 1 1 1 1
0044 panda_437619_2871.root 1 1 1 1 1 1
0044 panda_437619_2872.root 1 1 1 1 1 1
0044 panda_437619_2873.root 1 1 1 1 1 1
0044 panda_437619_2874.root 1 1 1 1 1 1
0044 panda_437619_2875.root 1 1 1 1 1 1
0044 panda_437619_2876.root 1 1 1 1 1 1
0044 panda_437619_2877.root 1 1 1 1 1 1
0044 panda_437619_2878.root 1 1 1 1 1 1
0044 panda_437619_2879.root 1 1 1 1 1 1
0045 panda_437619_2880.root 1 1 1 1 1 1
0045 panda_437619_2881.root 1 1 1 1 1 1
0045 panda_437619_2882.root 1 1 1 1 1 1
0045 panda_437619_2883.root 1 1 1 1 1 1
0045 panda_437619_2884.root 1 1 1 1 1 1
0045 panda_437619_2885.root 1 1 1 1 1 1
0045 panda_437619_2886.root 1 1 1 1 1 1
0045 panda_437619_2887.root 1 1 1 1 1 1
0045 panda_437619_2888.root 1 1 1 1 1 1
0045 panda_437619_289.root 1 1 1 1 1 1
0045 panda_437619_2895.root 1 1 1 1 1 1
0045 panda_437619_2896.root 1 1 1 1 1 1
0045 panda_437619_2897.root 1 1 1 1 1 1
0045 panda_437619_2898.root 1 1 1 1 1 1
0045 panda_437619_2899.root 1 1 1 1 1 1
0045 panda_437619_290.root 1 1 1 1 1 1
0045 panda_437619_2900.root 1 1 1 1 1 1
0045 panda_437619_2901.root 1 1 1 1 1 1
0045 panda_437619_2902.root 1 1 1 1 1 1
0045 panda_437619_292.root 1 1 1 1 1 1
0046 panda_437619_2920.root 1 1 1 1 1 1
0046 panda_437619_2921.root 1 1 1 1 1 1
0046 panda_437619_2922.root 1 1 1 1 1 1
0046 panda_437619_2923.root 1 1 1 1 1 1
0046 panda_437619_2925.root 1 1 1 1 1 1
0046 panda_437619_2926.root 1 1 1 1 1 1
0046 panda_437619_2927.root 1 1 1 1 1 1
0046 panda_437619_2929.root 1 1 1 1 1 1
0046 panda_437619_2935.root 1 1 1 1 1 1
0046 panda_437619_2937.root 1 1 1 1 1 1
0046 panda_437619_2938.root 1 1 1 1 1 1
0046 panda_437619_2939.root 1 1 1 1 1 1
0046 panda_437619_294.root 1 1 1 1 1 1
0046 panda_437619_2940.root 1 1 1 1 1 1
0046 panda_437619_2941.root 1 1 1 1 1 1
0046 panda_437619_2942.root 1 1 1 1 1 1
0046 panda_437619_2943.root 1 1 1 1 1 1
0046 panda_437619_2944.root 1 1 1 1 1 1
0046 panda_437619_2950.root 1 1 1 1 1 1
0046 panda_437619_2953.root 1 1 1 1 1 1
0047 panda_437619_2954.root 1 1 1 1 1 1
0047 panda_437619_2955.root 1 1 1 1 1 1
0047 panda_437619_2963.root 1 1 1 1 1 1
0047 panda_437619_2967.root 1 1 1 1 1 1
0047 panda_437619_2974.root 1 1 1 1 1 1
0047 panda_437619_2975.root 1 1 1 1 1 1
0047 panda_437619_2976.root 1 1 1 1 1 1
0047 panda_437619_2979.root 1 1 1 1 1 1
0047 panda_437619_298.root 1 1 1 1 1 1
0047 panda_437619_2980.root 1 1 1 1 1 1
0047 panda_437619_2981.root 1 1 1 1 1 1
0047 panda_437619_2982.root 1 1 1 1 1 1
0047 panda_437619_2983.root 1 1 1 1 1 1
0047 panda_437619_2984.root 1 1 1 1 1 1
0047 panda_437619_2989.root 1 1 1 1 1 1
0047 panda_437619_299.root 1 1 1 1 1 1
0047 panda_437619_2992.root 1 1 1 1 1 1
0047 panda_437619_2993.root 1 1 1 1 1 1
0047 panda_437619_2994.root 1 1 1 1 1 1
0047 panda_437619_2995.root 1 1 1 1 1 1
0048 panda_437619_2996.root 1 1 1 1 1 1
0048 panda_437619_2997.root 1 1 1 1 1 1
0048 panda_437619_2998.root 1 1 1 1 1 1
0048 panda_437619_2999.root 1 1 1 1 1 1
0048 panda_437619_30.root 1 1 1 1 1 1
0048 panda_437619_301.root 1 1 1 1 1 1
0048 panda_437619_305.root 1 1 1 1 1 1
0048 panda_437619_309.root 1 1 1 1 1 1
0048 panda_437619_310.root 1 1 1 1 1 1
0048 panda_437619_314.root 1 1 1 1 1 1
0048 panda_437619_317.root 1 1 1 1 1 1
0048 panda_437619_318.root 1 1 1 1 1 1
0048 panda_437619_319.root 1 1 1 1 1 1
0048 panda_437619_323.root 1 1 1 1 1 1
0048 panda_437619_324.root 1 1 1 1 1 1
0048 panda_437619_329.root 1 1 1 1 1 1
0048 panda_437619_331.root 1 1 1 1 1 1
0048 panda_437619_334.root 1 1 1 1 1 1
0048 panda_437619_337.root 1 1 1 1 1 1
0048 panda_437619_340.root 1 1 1 1 1 1
0049 panda_437619_341.root 1 1 1 1 1 1
0049 panda_437619_342.root 1 1 1 1 1 1
0049 panda_437619_343.root 1 1 1 1 1 1
0049 panda_437619_345.root 1 1 1 1 1 1
0049 panda_437619_349.root 1 1 1 1 1 1
0049 panda_437619_350.root 1 1 1 1 1 1
0049 panda_437619_352.root 1 1 1 1 1 1
0049 panda_437619_353.root 1 1 1 1 1 1
0049 panda_437619_354.root 1 1 1 1 1 1
0049 panda_437619_355.root 1 1 1 1 1 1
0049 panda_437619_357.root 1 1 1 1 1 1
0049 panda_437619_36.root 1 1 1 1 1 1
0049 panda_437619_382.root 1 1 1 1 1 1
0049 panda_437619_384.root 1 1 1 1 1 1
0049 panda_437619_385.root 1 1 1 1 1 1
0049 panda_437619_386.root 1 1 1 1 1 1
0049 panda_437619_388.root 1 1 1 1 1 1
0049 panda_437619_391.root 1 1 1 1 1 1
0049 panda_437619_392.root 1 1 1 1 1 1
0049 panda_437619_393.root 1 1 1 1 1 1
0050 panda_437619_394.root 1 1 1 1 1 1
0050 panda_437619_395.root 1 1 1 1 1 1
0050 panda_437619_396.root 1 1 1 1 1 1
0050 panda_437619_397.root 1 1 1 1 1 1
0050 panda_437619_398.root 1 1 1 1 1 1
0050 panda_437619_399.root 1 1 1 1 1 1
0050 panda_437619_401.root 1 1 1 1 1 1
0050 panda_437619_403.root 1 1 1 1 1 1
0050 panda_437619_404.root 1 1 1 1 1 1
0050 panda_437619_406.root 1 1 1 1 1 1
0050 panda_437619_407.root 1 1 1 1 1 1
0050 panda_437619_410.root 1 1 1 1 1 1
0050 panda_437619_414.root 1 1 1 1 1 1
0050 panda_437619_415.root 1 1 1 1 1 1
0050 panda_437619_42.root 1 1 1 1 1 1
0050 panda_437619_43.root 1 1 1 1 1 1
0050 panda_437619_430.root 1 1 1 1 1 1
0050 panda_437619_431.root 1 1 1 1 1 1
0050 panda_437619_432.root 1 1 1 1 1 1
0050 panda_437619_433.root 1 1 1 1 1 1
0051 panda_437619_434.root 1 1 1 1 1 1
0051 panda_437619_436.root 1 1 1 1 1 1
0051 panda_437619_44.root 1 1 1 1 1 1
0051 panda_437619_441.root 1 1 1 1 1 1
0051 panda_437619_443.root 1 1 1 1 1 1
0051 panda_437619_445.root 1 1 1 1 1 1
0051 panda_437619_447.root 1 1 1 1 1 1
0051 panda_437619_45.root 1 1 1 1 1 1
0051 panda_437619_46.root 1 1 1 1 1 1
0051 panda_437619_467.root 1 1 1 1 1 1
0051 panda_437619_468.root 1 1 1 1 1 1
0051 panda_437619_469.root 1 1 1 1 1 1
0051 panda_437619_470.root 1 1 1 1 1 1
0051 panda_437619_471.root 1 1 1 1 1 1
0051 panda_437619_474.root 1 1 1 1 1 1
0051 panda_437619_475.root 1 1 1 1 1 1
0051 panda_437619_478.root 1 1 1 1 1 1
0051 panda_437619_479.root 1 1 1 1 1 1
0051 panda_437619_48.root 1 1 1 1 1 1
0051 panda_437619_480.root 1 1 1 1 1 1
0052 panda_437619_481.root 1 1 1 1 1 1
0052 panda_437619_482.root 1 1 1 1 1 1
0052 panda_437619_483.root 1 1 1 1 1 1
0052 panda_437619_484.root 1 1 1 1 1 1
0052 panda_437619_485.root 1 1 1 1 1 1
0052 panda_437619_487.root 1 1 1 1 1 1
0052 panda_437619_489.root 1 1 1 1 1 1
0052 panda_437619_49.root 1 1 1 1 1 1
0052 panda_437619_490.root 1 1 1 1 1 1
0052 panda_437619_491.root 1 1 1 1 1 1
0052 panda_437619_492.root 1 1 1 1 1 1
0052 panda_437619_493.root 1 1 1 1 1 1
0052 panda_437619_495.root 1 1 1 1 1 1
0052 panda_437619_496.root 1 1 1 1 1 1
0052 panda_437619_498.root 1 1 1 1 1 1
0052 panda_437619_499.root 1 1 1 1 1 1
0052 panda_437619_50.root 1 1 1 1 1 1
0052 panda_437619_501.root 1 1 1 1 1 1
0052 panda_437619_502.root 1 1 1 1 1 1
0052 panda_437619_503.root 1 1 1 1 1 1
0053 panda_437619_504.root 1 1 1 1 1 1
0053 panda_437619_505.root 1 1 1 1 1 1
0053 panda_437619_508.root 1 1 1 1 1 1
0053 panda_437619_509.root 1 1 1 1 1 1
0053 panda_437619_51.root 1 1 1 1 1 1
0053 panda_437619_510.root 1 1 1 1 1 1
0053 panda_437619_511.root 1 1 1 1 1 1
0053 panda_437619_513.root 1 1 1 1 1 1
0053 panda_437619_514.root 1 1 1 1 1 1
0053 panda_437619_517.root 1 1 1 1 1 1
0053 panda_437619_518.root 1 1 1 1 1 1
0053 panda_437619_519.root 1 1 1 1 1 1
0053 panda_437619_52.root 1 1 1 1 1 1
0053 panda_437619_520.root 1 1 1 1 1 1
0053 panda_437619_521.root 1 1 1 1 1 1
0053 panda_437619_522.root 1 1 1 1 1 1
0053 panda_437619_523.root 1 1 1 1 1 1
0053 panda_437619_524.root 1 1 1 1 1 1
0053 panda_437619_532.root 1 1 1 1 1 1
0053 panda_437619_533.root 1 1 1 1 1 1
0054 panda_437619_534.root 1 1 1 1 1 1
0054 panda_437619_535.root 1 1 1 1 1 1
0054 panda_437619_537.root 1 1 1 1 1 1
0054 panda_437619_538.root 1 1 1 1 1 1
0054 panda_437619_539.root 1 1 1 1 1 1
0054 panda_437619_541.root 1 1 1 1 1 1
0054 panda_437619_542.root 1 1 1 1 1 1
0054 panda_437619_544.root 1 1 1 1 1 1
0054 panda_437619_545.root 1 1 1 1 1 1
0054 panda_437619_547.root 1 1 1 1 1 1
0054 panda_437619_548.root 1 1 1 1 1 1
0054 panda_437619_549.root 1 1 1 1 1 1
0054 panda_437619_550.root 1 1 1 1 1 1
0054 panda_437619_551.root 1 1 1 1 1 1
0054 panda_437619_552.root 1 1 1 1 1 1
0054 panda_437619_553.root 1 1 1 1 1 1
0054 panda_437619_554.root 1 1 1 1 1 1
0054 panda_437619_555.root 1 1 1 1 1 1
0054 panda_437619_556.root 1 1 1 1 1 1
0054 panda_437619_557.root 1 1 1 1 1 1
0055 panda_437619_558.root 1 1 1 1 1 1
0055 panda_437619_560.root 1 1 1 1 1 1
0055 panda_437619_561.root 1 1 1 1 1 1
0055 panda_437619_562.root 1 1 1 1 1 1
0055 panda_437619_563.root 1 1 1 1 1 1
0055 panda_437619_565.root 1 1 1 1 1 1
0055 panda_437619_567.root 1 1 1 1 1 1
0055 panda_437619_568.root 1 1 1 1 1 1
0055 panda_437619_569.root 1 1 1 1 1 1
0055 panda_437619_570.root 1 1 1 1 1 1
0055 panda_437619_571.root 1 1 1 1 1 1
0055 panda_437619_572.root 1 1 1 1 1 1
0055 panda_437619_589.root 1 1 1 1 1 1
0055 panda_437619_590.root 1 1 1 1 1 1
0055 panda_437619_591.root 1 1 1 1 1 1
0055 panda_437619_592.root 1 1 1 1 1 1
0055 panda_437619_594.root 1 1 1 1 1 1
0055 panda_437619_595.root 1 1 1 1 1 1
0055 panda_437619_598.root 1 1 1 1 1 1
0055 panda_437619_6.root 1 1 1 1 1 1
0056 panda_437619_600.root 1 1 1 1 1 1
0056 panda_437619_601.root 1 1 1 1 1 1
0056 panda_437619_602.root 1 1 1 1 1 1
0056 panda_437619_603.root 1 1 1 1 1 1
0056 panda_437619_604.root 1 1 1 1 1 1
0056 panda_437619_605.root 1 1 1 1 1 1
0056 panda_437619_607.root 1 1 1 1 1 1
0056 panda_437619_608.root 1 1 1 1 1 1
0056 panda_437619_609.root 1 1 1 1 1 1
0056 panda_437619_610.root 1 1 1 1 1 1
0056 panda_437619_611.root 1 1 1 1 1 1
0056 panda_437619_612.root 1 1 1 1 1 1
0056 panda_437619_613.root 1 1 1 1 1 1
0056 panda_437619_615.root 1 1 1 1 1 1
0056 panda_437619_62.root 1 1 1 1 1 1
0056 panda_437619_620.root 1 1 1 1 1 1
0056 panda_437619_621.root 1 1 1 1 1 1
0056 panda_437619_622.root 1 1 1 1 1 1
0056 panda_437619_623.root 1 1 1 1 1 1
0056 panda_437619_624.root 1 1 1 1 1 1
0057 panda_437619_626.root 1 1 1 1 1 1
0057 panda_437619_628.root 1 1 1 1 1 1
0057 panda_437619_629.root 1 1 1 1 1 1
0057 panda_437619_63.root 1 1 1 1 1 1
0057 panda_437619_630.root 1 1 1 1 1 1
0057 panda_437619_633.root 1 1 1 1 1 1
0057 panda_437619_634.root 1 1 1 1 1 1
0057 panda_437619_635.root 1 1 1 1 1 1
0057 panda_437619_636.root 1 1 1 1 1 1
0057 panda_437619_638.root 1 1 1 1 1 1
0057 panda_437619_640.root 1 1 1 1 1 1
0057 panda_437619_641.root 1 1 1 1 1 1
0057 panda_437619_642.root 1 1 1 1 1 1
0057 panda_437619_66.root 1 1 1 1 1 1
0057 panda_437619_67.root 1 1 1 1 1 1
0057 panda_437619_68.root 1 1 1 1 1 1
0057 panda_437619_69.root 1 1 1 1 1 1
0057 panda_437619_738.root 1 1 1 1 1 1
0057 panda_437619_739.root 1 1 1 1 1 1
0057 panda_437619_74.root 1 1 1 1 1 1
0058 panda_437619_740.root 1 1 1 1 1 1
0058 panda_437619_741.root 1 1 1 1 1 1
0058 panda_437619_743.root 1 1 1 1 1 1
0058 panda_437619_745.root 1 1 1 1 1 1
0058 panda_437619_748.root 1 1 1 1 1 1
0058 panda_437619_749.root 1 1 1 1 1 1
0058 panda_437619_751.root 1 1 1 1 1 1
0058 panda_437619_752.root 1 1 1 1 1 1
0058 panda_437619_753.root 1 1 1 1 1 1
0058 panda_437619_754.root 1 1 1 1 1 1
0058 panda_437619_755.root 1 1 1 1 1 1
0058 panda_437619_758.root 1 1 1 1 1 1
0058 panda_437619_759.root 1 1 1 1 1 1
0058 panda_437619_76.root 1 1 1 1 1 1
0058 panda_437619_760.root 1 1 1 1 1 1
0058 panda_437619_761.root 1 1 1 1 1 1
0058 panda_437619_763.root 1 1 1 1 1 1
0058 panda_437619_764.root 1 1 1 1 1 1
0058 panda_437619_765.root 1 1 1 1 1 1
0058 panda_437619_769.root 1 1 1 1 1 1
0059 panda_437619_77.root 1 1 1 1 1 1
0059 panda_437619_771.root 1 1 1 1 1 1
0059 panda_437619_773.root 1 1 1 1 1 1
0059 panda_437619_774.root 1 1 1 1 1 1
0059 panda_437619_775.root 1 1 1 1 1 1
0059 panda_437619_776.root 1 1 1 1 1 1
0059 panda_437619_78.root 1 1 1 1 1 1
0059 panda_437619_782.root 1 1 1 1 1 1
0059 panda_437619_787.root 1 1 1 1 1 1
0059 panda_437619_788.root 1 1 1 1 1 1
0059 panda_437619_789.root 1 1 1 1 1 1
0059 panda_437619_791.root 1 1 1 1 1 1
0059 panda_437619_793.root 1 1 1 1 1 1
0059 panda_437619_794.root 1 1 1 1 1 1
0059 panda_437619_795.root 1 1 1 1 1 1
0059 panda_437619_796.root 1 1 1 1 1 1
0059 panda_437619_798.root 1 1 1 1 1 1
0059 panda_437619_8.root 1 1 1 1 1 1
0059 panda_437619_800.root 1 1 1 1 1 1
0059 panda_437619_802.root 1 1 1 1 1 1
0060 panda_437619_803.root 1 1 1 1 1 1
0060 panda_437619_806.root 1 1 1 1 1 1
0060 panda_437619_808.root 1 1 1 1 1 1
0060 panda_437619_81.root 1 1 1 1 1 1
0060 panda_437619_812.root 1 1 1 1 1 1
0060 panda_437619_818.root 1 1 1 1 1 1
0060 panda_437619_82.root 1 1 1 1 1 1
0060 panda_437619_820.root 1 1 1 1 1 1
0060 panda_437619_821.root 1 1 1 1 1 1
0060 panda_437619_823.root 1 1 1 1 1 1
0060 panda_437619_827.root 1 1 1 1 1 1
0060 panda_437619_83.root 1 1 1 1 1 1
0060 panda_437619_830.root 1 1 1 1 1 1
0060 panda_437619_831.root 1 1 1 1 1 1
0060 panda_437619_833.root 1 1 1 1 1 1
0060 panda_437619_836.root 1 1 1 1 1 1
0060 panda_437619_837.root 1 1 1 1 1 1
0060 panda_437619_838.root 1 1 1 1 1 1
0060 panda_437619_839.root 1 1 1 1 1 1
0060 panda_437619_84.root 1 1 1 1 1 1
0061 panda_437619_840.root 1 1 1 1 1 1
0061 panda_437619_843.root 1 1 1 1 1 1
0061 panda_437619_844.root 1 1 1 1 1 1
0061 panda_437619_845.root 1 1 1 1 1 1
0061 panda_437619_846.root 1 1 1 1 1 1
0061 panda_437619_847.root 1 1 1 1 1 1
0061 panda_437619_848.root 1 1 1 1 1 1
0061 panda_437619_849.root 1 1 1 1 1 1
0061 panda_437619_85.root 1 1 1 1 1 1
0061 panda_437619_850.root 1 1 1 1 1 1
0061 panda_437619_851.root 1 1 1 1 1 1
0061 panda_437619_852.root 1 1 1 1 1 1
0061 panda_437619_853.root 1 1 1 1 1 1
0061 panda_437619_854.root 1 1 1 1 1 1
0061 panda_437619_856.root 1 1 1 1 1 1
0061 panda_437619_857.root 1 1 1 1 1 1
0061 panda_437619_858.root 1 1 1 1 1 1
0061 panda_437619_859.root 1 1 1 1 1 1
0061 panda_437619_860.root 1 1 1 1 1 1
0061 panda_437619_861.root 1 1 1 1 1 1
0062 panda_437619_862.root 1 1 1 1 1 1
0062 panda_437619_863.root 1 1 1 1 1 1
0062 panda_437619_864.root 1 1 1 1 1 1
0062 panda_437619_865.root 1 1 1 1 1 1
0062 panda_437619_866.root 1 1 1 1 1 1
0062 panda_437619_867.root 1 1 1 1 1 1
0062 panda_437619_872.root 1 1 1 1 1 1
0062 panda_437619_873.root 1 1 1 1 1 1
0062 panda_437619_874.root 1 1 1 1 1 1
0062 panda_437619_875.root 1 1 1 1 1 1
0062 panda_437619_876.root 1 1 1 1 1 1
0062 panda_437619_877.root 1 1 1 1 1 1
0062 panda_437619_879.root 1 1 1 1 1 1
0062 panda_437619_880.root 1 1 1 1 1 1
0062 panda_437619_881.root 1 1 1 1 1 1
0062 panda_437619_882.root 1 1 1 1 1 1
0062 panda_437619_884.root 1 1 1 1 1 1
0062 panda_437619_885.root 1 1 1 1 1 1
0062 panda_437619_886.root 1 1 1 1 1 1
0062 panda_437619_888.root 1 1 1 1 1 1
0063 panda_437619_889.root 1 1 1 1 1 1
0063 panda_437619_89.root 1 1 1 1 1 1
0063 panda_437619_890.root 1 1 1 1 1 1
0063 panda_437619_891.root 1 1 1 1 1 1
0063 panda_437619_892.root 1 1 1 1 1 1
0063 panda_437619_894.root 1 1 1 1 1 1
0063 panda_437619_895.root 1 1 1 1 1 1
0063 panda_437619_896.root 1 1 1 1 1 1
0063 panda_437619_897.root 1 1 1 1 1 1
0063 panda_437619_898.root 1 1 1 1 1 1
0063 panda_437619_899.root 1 1 1 1 1 1
0063 panda_437619_9.root 1 1 1 1 1 1
0063 panda_437619_900.root 1 1 1 1 1 1
0063 panda_437619_901.root 1 1 1 1 1 1
0063 panda_437619_902.root 1 1 1 1 1 1
0063 panda_437619_903.root 1 1 1 1 1 1
0063 panda_437619_904.root 1 1 1 1 1 1
0063 panda_437619_905.root 1 1 1 1 1 1
0063 panda_437619_906.root 1 1 1 1 1 1
0063 panda_437619_907.root 1 1 1 1 1 1
0064 panda_437619_908.root 1 1 1 1 1 1
0064 panda_437619_91.root 1 1 1 1 1 1
0064 panda_437619_911.root 1 1 1 1 1 1
0064 panda_437619_912.root 1 1 1 1 1 1
0064 panda_437619_913.root 1 1 1 1 1 1
0064 panda_437619_914.root 1 1 1 1 1 1
0064 panda_437619_915.root 1 1 1 1 1 1
0064 panda_437619_916.root 1 1 1 1 1 1
0064 panda_437619_917.root 1 1 1 1 1 1
0064 panda_437619_92.root 1 1 1 1 1 1
0064 panda_437619_920.root 1 1 1 1 1 1
0064 panda_437619_921.root 1 1 1 1 1 1
0064 panda_437619_922.root 1 1 1 1 1 1
0064 panda_437619_923.root 1 1 1 1 1 1
0064 panda_437619_924.root 1 1 1 1 1 1
0064 panda_437619_925.root 1 1 1 1 1 1
0064 panda_437619_926.root 1 1 1 1 1 1
0064 panda_437619_927.root 1 1 1 1 1 1
0064 panda_437619_928.root 1 1 1 1 1 1
0064 panda_437619_929.root 1 1 1 1 1 1
0065 panda_437619_93.root 1 1 1 1 1 1
0065 panda_437619_930.root 1 1 1 1 1 1
0065 panda_437619_932.root 1 1 1 1 1 1
0065 panda_437619_933.root 1 1 1 1 1 1
0065 panda_437619_934.root 1 1 1 1 1 1
0065 panda_437619_935.root 1 1 1 1 1 1
0065 panda_437619_936.root 1 1 1 1 1 1
0065 panda_437619_937.root 1 1 1 1 1 1
0065 panda_437619_938.root 1 1 1 1 1 1
0065 panda_437619_939.root 1 1 1 1 1 1
0065 panda_437619_940.root 1 1 1 1 1 1
0065 panda_437619_942.root 1 1 1 1 1 1
0065 panda_437619_943.root 1 1 1 1 1 1
0065 panda_437619_944.root 1 1 1 1 1 1
0065 panda_437619_945.root 1 1 1 1 1 1
0065 panda_437619_947.root 1 1 1 1 1 1
0065 panda_437619_949.root 1 1 1 1 1 1
0065 panda_437619_95.root 1 1 1 1 1 1
0065 panda_437619_950.root 1 1 1 1 1 1
0065 panda_437619_952.root 1 1 1 1 1 1
0066 panda_437619_953.root 1 1 1 1 1 1
0066 panda_437619_954.root 1 1 1 1 1 1
0066 panda_437619_955.root 1 1 1 1 1 1
0066 panda_437619_956.root 1 1 1 1 1 1
0066 panda_437619_957.root 1 1 1 1 1 1
0066 panda_437619_959.root 1 1 1 1 1 1
0066 panda_437619_96.root 1 1 1 1 1 1
0066 panda_437619_960.root 1 1 1 1 1 1
0066 panda_437619_961.root 1 1 1 1 1 1
0066 panda_437619_963.root 1 1 1 1 1 1
0066 panda_437619_964.root 1 1 1 1 1 1
0066 panda_437619_966.root 1 1 1 1 1 1
0066 panda_437619_967.root 1 1 1 1 1 1
0066 panda_437619_968.root 1 1 1 1 1 1
0066 panda_437619_969.root 1 1 1 1 1 1
0066 panda_437619_970.root 1 1 1 1 1 1
0066 panda_437619_971.root 1 1 1 1 1 1
0066 panda_437619_972.root 1 1 1 1 1 1
0066 panda_437619_973.root 1 1 1 1 1 1
0066 panda_437619_975.root 1 1 1 1 1 1
0067 panda_437619_976.root 1 1 1 1 1 1
0067 panda_437619_977.root 1 1 1 1 1 1
0067 panda_437619_979.root 1 1 1 1 1 1
0067 panda_437619_980.root 1 1 1 1 1 1
0067 panda_437619_982.root 1 1 1 1 1 1
0067 panda_437619_983.root 1 1 1 1 1 1
0067 panda_437619_985.root 1 1 1 1 1 1
0067 panda_437619_986.root 1 1 1 1 1 1
0067 panda_437619_987.root 1 1 1 1 1 1
0067 panda_437619_988.root 1 1 1 1 1 1
0067 panda_437619_99.root 1 1 1 1 1 1
0067 panda_437619_990.root 1 1 1 1 1 1
0067 panda_437619_993.root 1 1 1 1 1 1
0067 panda_437619_994.root 1 1 1 1 1 1
0067 panda_437619_997.root 1 1 1 1 1 1
0067 panda_437619_998.root 1 1 1 1 1 1
0067 panda_437619_999.root 1 1 1 1 1 1
