0000 panda_437149_1.root 1 1 1 1 1 1
0000 panda_437149_10.root 1 1 1 1 1 1
0000 panda_437149_11.root 1 1 1 1 1 1
0000 panda_437149_12.root 1 1 1 1 1 1
0000 panda_437149_14.root 1 1 1 1 1 1
0000 panda_437149_15.root 1 1 1 1 1 1
0000 panda_437149_16.root 1 1 1 1 1 1
0000 panda_437149_17.root 1 1 1 1 1 1
0000 panda_437149_18.root 1 1 1 1 1 1
0000 panda_437149_19.root 1 1 1 1 1 1
0000 panda_437149_20.root 1 1 1 1 1 1
0000 panda_437149_21.root 1 1 1 1 1 1
0000 panda_437149_22.root 1 1 1 1 1 1
0000 panda_437149_23.root 1 1 1 1 1 1
0000 panda_437149_24.root 1 1 1 1 1 1
0000 panda_437149_25.root 1 1 1 1 1 1
0000 panda_437149_26.root 1 1 1 1 1 1
0000 panda_437149_27.root 1 1 1 1 1 1
0000 panda_437149_28.root 1 1 1 1 1 1
0000 panda_437149_29.root 1 1 1 1 1 1
0001 panda_437149_3.root 1 1 1 1 1 1
0001 panda_437149_30.root 1 1 1 1 1 1
0001 panda_437149_31.root 1 1 1 1 1 1
0001 panda_437149_32.root 1 1 1 1 1 1
0001 panda_437149_34.root 1 1 1 1 1 1
0001 panda_437149_35.root 1 1 1 1 1 1
0001 panda_437149_36.root 1 1 1 1 1 1
0001 panda_437149_37.root 1 1 1 1 1 1
0001 panda_437149_38.root 1 1 1 1 1 1
0001 panda_437149_39.root 1 1 1 1 1 1
0001 panda_437149_4.root 1 1 1 1 1 1
0001 panda_437149_40.root 1 1 1 1 1 1
0001 panda_437149_41.root 1 1 1 1 1 1
0001 panda_437149_42.root 1 1 1 1 1 1
0001 panda_437149_43.root 1 1 1 1 1 1
0001 panda_437149_44.root 1 1 1 1 1 1
0001 panda_437149_45.root 1 1 1 1 1 1
0001 panda_437149_46.root 1 1 1 1 1 1
0001 panda_437149_47.root 1 1 1 1 1 1
0001 panda_437149_49.root 1 1 1 1 1 1
0002 panda_437149_5.root 1 1 1 1 1 1
0002 panda_437149_50.root 1 1 1 1 1 1
0002 panda_437149_51.root 1 1 1 1 1 1
0002 panda_437149_53.root 1 1 1 1 1 1
0002 panda_437149_54.root 1 1 1 1 1 1
0002 panda_437149_55.root 1 1 1 1 1 1
0002 panda_437149_56.root 1 1 1 1 1 1
0002 panda_437149_57.root 1 1 1 1 1 1
0002 panda_437149_58.root 1 1 1 1 1 1
0002 panda_437149_59.root 1 1 1 1 1 1
0002 panda_437149_6.root 1 1 1 1 1 1
0002 panda_437149_60.root 1 1 1 1 1 1
0002 panda_437149_61.root 1 1 1 1 1 1
0002 panda_437149_62.root 1 1 1 1 1 1
0002 panda_437149_63.root 1 1 1 1 1 1
0002 panda_437149_64.root 1 1 1 1 1 1
0002 panda_437149_65.root 1 1 1 1 1 1
0002 panda_437149_66.root 1 1 1 1 1 1
0002 panda_437149_67.root 1 1 1 1 1 1
0002 panda_437149_68.root 1 1 1 1 1 1
0003 panda_437149_69.root 1 1 1 1 1 1
0003 panda_437149_7.root 1 1 1 1 1 1
0003 panda_437149_70.root 1 1 1 1 1 1
0003 panda_437149_71.root 1 1 1 1 1 1
0003 panda_437149_72.root 1 1 1 1 1 1
0003 panda_437149_73.root 1 1 1 1 1 1
0003 panda_437149_74.root 1 1 1 1 1 1
0003 panda_437149_75.root 1 1 1 1 1 1
0003 panda_437149_76.root 1 1 1 1 1 1
0003 panda_437149_77.root 1 1 1 1 1 1
0003 panda_437149_78.root 1 1 1 1 1 1
0003 panda_437149_79.root 1 1 1 1 1 1
0003 panda_437149_80.root 1 1 1 1 1 1
0003 panda_437149_81.root 1 1 1 1 1 1
0003 panda_437149_83.root 1 1 1 1 1 1
0003 panda_437149_84.root 1 1 1 1 1 1
0003 panda_437149_85.root 1 1 1 1 1 1
0003 panda_437149_86.root 1 1 1 1 1 1
0003 panda_437149_87.root 1 1 1 1 1 1
0003 panda_437149_88.root 1 1 1 1 1 1
0004 panda_437149_89.root 1 1 1 1 1 1
0004 panda_437149_9.root 1 1 1 1 1 1
0004 panda_437149_90.root 1 1 1 1 1 1
0004 panda_437149_91.root 1 1 1 1 1 1
0004 panda_437149_92.root 1 1 1 1 1 1
0004 panda_437149_93.root 1 1 1 1 1 1
0004 panda_437149_94.root 1 1 1 1 1 1
0004 panda_437149_95.root 1 1 1 1 1 1
0004 panda_437149_96.root 1 1 1 1 1 1
0004 panda_437149_97.root 1 1 1 1 1 1
0004 panda_437149_98.root 1 1 1 1 1 1
0004 panda_437149_99.root 1 1 1 1 1 1
