0000 panda_437625_167.root 1 1 1 1 1 1
0000 panda_437625_168.root 1 1 1 1 1 1
0000 panda_437625_169.root 1 1 1 1 1 1
0000 panda_437625_170.root 1 1 1 1 1 1
0000 panda_437625_171.root 1 1 1 1 1 1
0000 panda_437625_172.root 1 1 1 1 1 1
0000 panda_437625_174.root 1 1 1 1 1 1
0000 panda_437625_176.root 1 1 1 1 1 1
0000 panda_437625_177.root 1 1 1 1 1 1
0000 panda_437625_178.root 1 1 1 1 1 1
0000 panda_437625_179.root 1 1 1 1 1 1
0000 panda_437625_180.root 1 1 1 1 1 1
0000 panda_437625_181.root 1 1 1 1 1 1
0000 panda_437625_182.root 1 1 1 1 1 1
0000 panda_437625_183.root 1 1 1 1 1 1
0000 panda_437625_184.root 1 1 1 1 1 1
0000 panda_437625_185.root 1 1 1 1 1 1
0000 panda_437625_186.root 1 1 1 1 1 1
0000 panda_437625_187.root 1 1 1 1 1 1
0000 panda_437625_188.root 1 1 1 1 1 1
0001 panda_437625_189.root 1 1 1 1 1 1
0001 panda_437625_191.root 1 1 1 1 1 1
0001 panda_437625_192.root 1 1 1 1 1 1
0001 panda_437625_193.root 1 1 1 1 1 1
0001 panda_437625_194.root 1 1 1 1 1 1
0001 panda_437625_196.root 1 1 1 1 1 1
0001 panda_437625_197.root 1 1 1 1 1 1
0001 panda_437625_199.root 1 1 1 1 1 1
0001 panda_437625_200.root 1 1 1 1 1 1
0001 panda_437625_201.root 1 1 1 1 1 1
0001 panda_437625_202.root 1 1 1 1 1 1
0001 panda_437625_206.root 1 1 1 1 1 1
0001 panda_437625_207.root 1 1 1 1 1 1
0001 panda_437625_210.root 1 1 1 1 1 1
0001 panda_437625_213.root 1 1 1 1 1 1
0001 panda_437625_215.root 1 1 1 1 1 1
0001 panda_437625_221.root 1 1 1 1 1 1
0001 panda_437625_222.root 1 1 1 1 1 1
0001 panda_437625_273.root 1 1 1 1 1 1
0001 panda_437625_274.root 1 1 1 1 1 1
0002 panda_437625_275.root 1 1 1 1 1 1
0002 panda_437625_362.root 1 1 1 1 1 1
0002 panda_437625_364.root 1 1 1 1 1 1
0002 panda_437625_365.root 1 1 1 1 1 1
0002 panda_437625_366.root 1 1 1 1 1 1
0002 panda_437625_368.root 1 1 1 1 1 1
0002 panda_437625_369.root 1 1 1 1 1 1
0002 panda_437625_371.root 1 1 1 1 1 1
0002 panda_437625_372.root 1 1 1 1 1 1
0002 panda_437625_373.root 1 1 1 1 1 1
0002 panda_437625_374.root 1 1 1 1 1 1
0002 panda_437625_376.root 1 1 1 1 1 1
0002 panda_437625_377.root 1 1 1 1 1 1
0002 panda_437625_378.root 1 1 1 1 1 1
0002 panda_437625_379.root 1 1 1 1 1 1
0002 panda_437625_380.root 1 1 1 1 1 1
0002 panda_437625_381.root 1 1 1 1 1 1
0002 panda_437625_382.root 1 1 1 1 1 1
0002 panda_437625_383.root 1 1 1 1 1 1
0002 panda_437625_384.root 1 1 1 1 1 1
0003 panda_437625_385.root 1 1 1 1 1 1
0003 panda_437625_386.root 1 1 1 1 1 1
0003 panda_437625_387.root 1 1 1 1 1 1
0003 panda_437625_389.root 1 1 1 1 1 1
0003 panda_437625_390.root 1 1 1 1 1 1
0003 panda_437625_391.root 1 1 1 1 1 1
0003 panda_437625_393.root 1 1 1 1 1 1
0003 panda_437625_395.root 1 1 1 1 1 1
0003 panda_437625_396.root 1 1 1 1 1 1
0003 panda_437625_397.root 1 1 1 1 1 1
0003 panda_437625_398.root 1 1 1 1 1 1
0003 panda_437625_409.root 1 1 1 1 1 1
0003 panda_437625_410.root 1 1 1 1 1 1
0003 panda_437625_412.root 1 1 1 1 1 1
0003 panda_437625_413.root 1 1 1 1 1 1
0003 panda_437625_504.root 1 1 1 1 1 1
0003 panda_437625_505.root 1 1 1 1 1 1
0003 panda_437625_605.root 1 1 1 1 1 1
0003 panda_437625_606.root 1 1 1 1 1 1
0003 panda_437625_64.root 1 1 1 1 1 1
0004 panda_437625_701.root 1 1 1 1 1 1
0004 panda_437625_702.root 1 1 1 1 1 1
0004 panda_437625_703.root 1 1 1 1 1 1
0004 panda_437625_704.root 1 1 1 1 1 1
0004 panda_437625_705.root 1 1 1 1 1 1
0004 panda_437625_706.root 1 1 1 1 1 1
0004 panda_437625_707.root 1 1 1 1 1 1
0004 panda_437625_710.root 1 1 1 1 1 1
0004 panda_437625_713.root 1 1 1 1 1 1
0004 panda_437625_714.root 1 1 1 1 1 1
0004 panda_437625_716.root 1 1 1 1 1 1
0004 panda_437625_717.root 1 1 1 1 1 1
0004 panda_437625_718.root 1 1 1 1 1 1
0004 panda_437625_719.root 1 1 1 1 1 1
0004 panda_437625_720.root 1 1 1 1 1 1
0004 panda_437625_721.root 1 1 1 1 1 1
0004 panda_437625_722.root 1 1 1 1 1 1
0004 panda_437625_723.root 1 1 1 1 1 1
0004 panda_437625_724.root 1 1 1 1 1 1
0004 panda_437625_726.root 1 1 1 1 1 1
0005 panda_437625_727.root 1 1 1 1 1 1
0005 panda_437625_728.root 1 1 1 1 1 1
0005 panda_437625_729.root 1 1 1 1 1 1
0005 panda_437625_730.root 1 1 1 1 1 1
0005 panda_437625_731.root 1 1 1 1 1 1
0005 panda_437625_732.root 1 1 1 1 1 1
0005 panda_437625_733.root 1 1 1 1 1 1
0005 panda_437625_734.root 1 1 1 1 1 1
0005 panda_437625_735.root 1 1 1 1 1 1
0005 panda_437625_736.root 1 1 1 1 1 1
0005 panda_437625_738.root 1 1 1 1 1 1
0005 panda_437625_739.root 1 1 1 1 1 1
0005 panda_437625_740.root 1 1 1 1 1 1
0005 panda_437625_742.root 1 1 1 1 1 1
0005 panda_437625_743.root 1 1 1 1 1 1
0005 panda_437625_745.root 1 1 1 1 1 1
0005 panda_437625_746.root 1 1 1 1 1 1
0005 panda_437625_747.root 1 1 1 1 1 1
0005 panda_437625_749.root 1 1 1 1 1 1
0005 panda_437625_750.root 1 1 1 1 1 1
0006 panda_437625_751.root 1 1 1 1 1 1
0006 panda_437625_752.root 1 1 1 1 1 1
0006 panda_437625_753.root 1 1 1 1 1 1
0006 panda_437625_754.root 1 1 1 1 1 1
0006 panda_437625_755.root 1 1 1 1 1 1
0006 panda_437625_756.root 1 1 1 1 1 1
0006 panda_437625_758.root 1 1 1 1 1 1
0006 panda_437625_759.root 1 1 1 1 1 1
0006 panda_437625_760.root 1 1 1 1 1 1
0006 panda_437625_761.root 1 1 1 1 1 1
0006 panda_437625_762.root 1 1 1 1 1 1
0006 panda_437625_763.root 1 1 1 1 1 1
0006 panda_437625_764.root 1 1 1 1 1 1
0006 panda_437625_765.root 1 1 1 1 1 1
0006 panda_437625_766.root 1 1 1 1 1 1
0006 panda_437625_769.root 1 1 1 1 1 1
0006 panda_437625_770.root 1 1 1 1 1 1
0006 panda_437625_771.root 1 1 1 1 1 1
0006 panda_437625_772.root 1 1 1 1 1 1
0006 panda_437625_773.root 1 1 1 1 1 1
0007 panda_437625_775.root 1 1 1 1 1 1
0007 panda_437625_777.root 1 1 1 1 1 1
0007 panda_437625_779.root 1 1 1 1 1 1
0007 panda_437625_780.root 1 1 1 1 1 1
0007 panda_437625_782.root 1 1 1 1 1 1
0007 panda_437625_784.root 1 1 1 1 1 1
0007 panda_437625_785.root 1 1 1 1 1 1
0007 panda_437625_786.root 1 1 1 1 1 1
0007 panda_437625_787.root 1 1 1 1 1 1
0007 panda_437625_788.root 1 1 1 1 1 1
0007 panda_437625_789.root 1 1 1 1 1 1
0007 panda_437625_790.root 1 1 1 1 1 1
0007 panda_437625_792.root 1 1 1 1 1 1
0007 panda_437625_793.root 1 1 1 1 1 1
0007 panda_437625_800.root 1 1 1 1 1 1
0007 panda_437625_848.root 1 1 1 1 1 1
0007 panda_437625_946.root 1 1 1 1 1 1
0007 panda_437625_985.root 1 1 1 1 1 1
0007 panda_437625_986.root 1 1 1 1 1 1
0007 panda_437625_987.root 1 1 1 1 1 1
0008 panda_437625_988.root 1 1 1 1 1 1
0008 panda_437625_989.root 1 1 1 1 1 1
0008 panda_437625_990.root 1 1 1 1 1 1
0008 panda_437625_991.root 1 1 1 1 1 1
0008 panda_437625_992.root 1 1 1 1 1 1
0008 panda_437625_993.root 1 1 1 1 1 1
0008 panda_437625_995.root 1 1 1 1 1 1
0008 panda_437625_996.root 1 1 1 1 1 1
0008 panda_437625_997.root 1 1 1 1 1 1
0008 panda_437625_998.root 1 1 1 1 1 1
0008 panda_437625_999.root 1 1 1 1 1 1
