0000 2669120.100.root 1 1 1 1 1 1
0000 2669120.102.root 1 1 1 1 1 1
0000 2669120.103.root 1 1 1 1 1 1
0000 2669120.104.root 1 1 1 1 1 1
0000 2669120.105.root 1 1 1 1 1 1
0000 2669120.106.root 1 1 1 1 1 1
0000 2669120.107.root 1 1 1 1 1 1
0000 2669120.108.root 1 1 1 1 1 1
0000 2669120.109.root 1 1 1 1 1 1
0000 2669120.110.root 1 1 1 1 1 1
0000 2669120.111.root 1 1 1 1 1 1
0000 2669120.112.root 1 1 1 1 1 1
0000 2669120.113.root 1 1 1 1 1 1
0000 2669120.114.root 1 1 1 1 1 1
0000 2669120.115.root 1 1 1 1 1 1
0000 2669120.116.root 1 1 1 1 1 1
0000 2669120.117.root 1 1 1 1 1 1
0000 2669120.118.root 1 1 1 1 1 1
0000 2669120.119.root 1 1 1 1 1 1
0000 2669120.120.root 1 1 1 1 1 1
0000 2669120.121.root 1 1 1 1 1 1
0000 2669120.122.root 1 1 1 1 1 1
0000 2669120.123.root 1 1 1 1 1 1
0000 2669120.124.root 1 1 1 1 1 1
0000 2669120.125.root 1 1 1 1 1 1
0000 2669120.126.root 1 1 1 1 1 1
0000 2669120.127.root 1 1 1 1 1 1
0000 2669120.128.root 1 1 1 1 1 1
0000 2669120.129.root 1 1 1 1 1 1
0000 2669120.130.root 1 1 1 1 1 1
0000 2669120.131.root 1 1 1 1 1 1
0000 2669120.132.root 1 1 1 1 1 1
0000 2669120.133.root 1 1 1 1 1 1
0000 2669120.134.root 1 1 1 1 1 1
0000 2669120.135.root 1 1 1 1 1 1
0000 2669120.136.root 1 1 1 1 1 1
0000 2669120.137.root 1 1 1 1 1 1
0000 2669120.138.root 1 1 1 1 1 1
0000 2669120.139.root 1 1 1 1 1 1
0000 2669120.140.root 1 1 1 1 1 1
0000 2669120.141.root 1 1 1 1 1 1
0000 2669120.142.root 1 1 1 1 1 1
0000 2669120.144.root 1 1 1 1 1 1
0000 2669120.145.root 1 1 1 1 1 1
0000 2669120.146.root 1 1 1 1 1 1
0000 2669120.147.root 1 1 1 1 1 1
0000 2669120.148.root 1 1 1 1 1 1
0000 2669120.149.root 1 1 1 1 1 1
0000 2669120.150.root 1 1 1 1 1 1
0000 2669120.151.root 1 1 1 1 1 1
0000 2669120.152.root 1 1 1 1 1 1
0000 2669120.153.root 1 1 1 1 1 1
0000 2669120.154.root 1 1 1 1 1 1
0000 2669120.155.root 1 1 1 1 1 1
0000 2669120.156.root 1 1 1 1 1 1
0000 2669120.157.root 1 1 1 1 1 1
0000 2669120.158.root 1 1 1 1 1 1
0000 2669120.159.root 1 1 1 1 1 1
0000 2669120.160.root 1 1 1 1 1 1
0000 2669120.162.root 1 1 1 1 1 1
0000 2669120.163.root 1 1 1 1 1 1
0000 2669120.164.root 1 1 1 1 1 1
0000 2669120.165.root 1 1 1 1 1 1
0000 2669120.166.root 1 1 1 1 1 1
0000 2669120.167.root 1 1 1 1 1 1
0000 2669120.168.root 1 1 1 1 1 1
0000 2669120.169.root 1 1 1 1 1 1
0000 2669120.171.root 1 1 1 1 1 1
0000 2669120.172.root 1 1 1 1 1 1
0000 2669120.173.root 1 1 1 1 1 1
0000 2669120.174.root 1 1 1 1 1 1
0000 2669120.175.root 1 1 1 1 1 1
0000 2669120.176.root 1 1 1 1 1 1
0000 2669120.177.root 1 1 1 1 1 1
0000 2669120.180.root 1 1 1 1 1 1
0000 2669120.181.root 1 1 1 1 1 1
0000 2669120.182.root 1 1 1 1 1 1
0000 2669120.183.root 1 1 1 1 1 1
0000 2669120.184.root 1 1 1 1 1 1
0000 2669120.185.root 1 1 1 1 1 1
0000 2669120.187.root 1 1 1 1 1 1
0000 2669120.189.root 1 1 1 1 1 1
0000 2669120.190.root 1 1 1 1 1 1
0000 2669120.191.root 1 1 1 1 1 1
0000 2669120.192.root 1 1 1 1 1 1
0000 2669120.193.root 1 1 1 1 1 1
0000 2669120.194.root 1 1 1 1 1 1
0000 2669120.195.root 1 1 1 1 1 1
0000 2669120.196.root 1 1 1 1 1 1
0000 2669120.197.root 1 1 1 1 1 1
0000 2669120.198.root 1 1 1 1 1 1
0000 2669120.199.root 1 1 1 1 1 1
0000 2669120.200.root 1 1 1 1 1 1
0000 2669120.201.root 1 1 1 1 1 1
0000 2669120.202.root 1 1 1 1 1 1
0000 2669120.203.root 1 1 1 1 1 1
0000 2669120.204.root 1 1 1 1 1 1
0000 2669120.205.root 1 1 1 1 1 1
0000 2669120.206.root 1 1 1 1 1 1
0000 2669120.207.root 1 1 1 1 1 1
0000 2669120.208.root 1 1 1 1 1 1
0000 2669120.209.root 1 1 1 1 1 1
0000 2669120.210.root 1 1 1 1 1 1
0000 2669120.211.root 1 1 1 1 1 1
0000 2669120.212.root 1 1 1 1 1 1
0000 2669120.213.root 1 1 1 1 1 1
0000 2669120.214.root 1 1 1 1 1 1
0000 2669120.215.root 1 1 1 1 1 1
0000 2669120.216.root 1 1 1 1 1 1
0000 2669120.217.root 1 1 1 1 1 1
0000 2669120.218.root 1 1 1 1 1 1
0000 2669120.219.root 1 1 1 1 1 1
0000 2669120.221.root 1 1 1 1 1 1
0000 2669120.223.root 1 1 1 1 1 1
0000 2669120.224.root 1 1 1 1 1 1
0000 2669120.225.root 1 1 1 1 1 1
0000 2669120.226.root 1 1 1 1 1 1
0000 2669120.227.root 1 1 1 1 1 1
0000 2669120.228.root 1 1 1 1 1 1
0000 2669120.229.root 1 1 1 1 1 1
0000 2669120.230.root 1 1 1 1 1 1
0000 2669120.231.root 1 1 1 1 1 1
0000 2669120.232.root 1 1 1 1 1 1
0000 2669120.233.root 1 1 1 1 1 1
0000 2669120.234.root 1 1 1 1 1 1
0000 2669120.236.root 1 1 1 1 1 1
0000 2669120.237.root 1 1 1 1 1 1
0000 2669120.238.root 1 1 1 1 1 1
0000 2669120.239.root 1 1 1 1 1 1
0000 2669120.240.root 1 1 1 1 1 1
0000 2669120.241.root 1 1 1 1 1 1
0000 2669120.242.root 1 1 1 1 1 1
0000 2669120.243.root 1 1 1 1 1 1
0000 2669120.244.root 1 1 1 1 1 1
0000 2669120.245.root 1 1 1 1 1 1
0000 2669120.246.root 1 1 1 1 1 1
0000 2669120.247.root 1 1 1 1 1 1
0000 2669120.248.root 1 1 1 1 1 1
0000 2669120.250.root 1 1 1 1 1 1
0000 2669120.251.root 1 1 1 1 1 1
0000 2669120.252.root 1 1 1 1 1 1
0000 2669120.253.root 1 1 1 1 1 1
0000 2669120.254.root 1 1 1 1 1 1
0000 2669120.255.root 1 1 1 1 1 1
0000 2669120.256.root 1 1 1 1 1 1
0000 2669120.257.root 1 1 1 1 1 1
0000 2669120.258.root 1 1 1 1 1 1
0000 2669120.259.root 1 1 1 1 1 1
0000 2669120.260.root 1 1 1 1 1 1
0000 2669120.261.root 1 1 1 1 1 1
0000 2669120.263.root 1 1 1 1 1 1
0000 2669120.264.root 1 1 1 1 1 1
0000 2669120.265.root 1 1 1 1 1 1
0000 2669120.266.root 1 1 1 1 1 1
0000 2669120.267.root 1 1 1 1 1 1
0000 2669120.268.root 1 1 1 1 1 1
0000 2669120.269.root 1 1 1 1 1 1
0000 2669120.270.root 1 1 1 1 1 1
0000 2669120.271.root 1 1 1 1 1 1
0000 2669120.272.root 1 1 1 1 1 1
0000 2669120.273.root 1 1 1 1 1 1
0000 2669120.274.root 1 1 1 1 1 1
0000 2669120.275.root 1 1 1 1 1 1
0000 2669120.276.root 1 1 1 1 1 1
0000 2669120.277.root 1 1 1 1 1 1
0000 2669120.279.root 1 1 1 1 1 1
0000 2669120.280.root 1 1 1 1 1 1
0000 2669120.281.root 1 1 1 1 1 1
0000 2669120.282.root 1 1 1 1 1 1
0000 2669120.283.root 1 1 1 1 1 1
0000 2669120.284.root 1 1 1 1 1 1
0000 2669120.285.root 1 1 1 1 1 1
0000 2669120.286.root 1 1 1 1 1 1
0000 2669120.287.root 1 1 1 1 1 1
0000 2669120.288.root 1 1 1 1 1 1
0000 2669120.290.root 1 1 1 1 1 1
0000 2669120.292.root 1 1 1 1 1 1
0000 2669120.294.root 1 1 1 1 1 1
0000 2669120.295.root 1 1 1 1 1 1
0000 2669120.298.root 1 1 1 1 1 1
0000 2669120.299.root 1 1 1 1 1 1
0000 2669120.301.root 1 1 1 1 1 1
0000 2669120.302.root 1 1 1 1 1 1
0000 2669120.303.root 1 1 1 1 1 1
0000 2669120.304.root 1 1 1 1 1 1
0000 2669120.305.root 1 1 1 1 1 1
0000 2669120.306.root 1 1 1 1 1 1
0000 2669120.307.root 1 1 1 1 1 1
0000 2669120.308.root 1 1 1 1 1 1
0000 2669120.309.root 1 1 1 1 1 1
0000 2669120.310.root 1 1 1 1 1 1
0000 2669120.311.root 1 1 1 1 1 1
0000 2669120.312.root 1 1 1 1 1 1
0000 2669120.313.root 1 1 1 1 1 1
0000 2669120.314.root 1 1 1 1 1 1
0000 2669120.315.root 1 1 1 1 1 1
0000 2669120.316.root 1 1 1 1 1 1
0000 2669120.317.root 1 1 1 1 1 1
0000 2669120.318.root 1 1 1 1 1 1
0000 2669120.319.root 1 1 1 1 1 1
0000 2669120.320.root 1 1 1 1 1 1
0000 2669120.321.root 1 1 1 1 1 1
0000 2669120.322.root 1 1 1 1 1 1
0000 2669120.324.root 1 1 1 1 1 1
0000 2669120.326.root 1 1 1 1 1 1
0000 2669120.327.root 1 1 1 1 1 1
0000 2669120.328.root 1 1 1 1 1 1
0000 2669120.329.root 1 1 1 1 1 1
0000 2669120.330.root 1 1 1 1 1 1
0000 2669120.332.root 1 1 1 1 1 1
0000 2669120.333.root 1 1 1 1 1 1
0000 2669120.335.root 1 1 1 1 1 1
0000 2669120.337.root 1 1 1 1 1 1
0000 2669120.338.root 1 1 1 1 1 1
0000 2669120.339.root 1 1 1 1 1 1
0000 2669120.341.root 1 1 1 1 1 1
0000 2669120.342.root 1 1 1 1 1 1
0000 2669120.343.root 1 1 1 1 1 1
0000 2669120.344.root 1 1 1 1 1 1
0000 2669120.345.root 1 1 1 1 1 1
0000 2669120.346.root 1 1 1 1 1 1
0000 2669120.347.root 1 1 1 1 1 1
0000 2669120.348.root 1 1 1 1 1 1
0000 2669120.350.root 1 1 1 1 1 1
0000 2669120.351.root 1 1 1 1 1 1
0000 2669120.352.root 1 1 1 1 1 1
0000 2669120.353.root 1 1 1 1 1 1
0000 2669120.354.root 1 1 1 1 1 1
0000 2669120.355.root 1 1 1 1 1 1
0000 2669120.356.root 1 1 1 1 1 1
0000 2669120.357.root 1 1 1 1 1 1
0000 2669120.358.root 1 1 1 1 1 1
0000 2669120.361.root 1 1 1 1 1 1
0000 2669120.362.root 1 1 1 1 1 1
0000 2669120.363.root 1 1 1 1 1 1
0000 2669120.364.root 1 1 1 1 1 1
0000 2669120.365.root 1 1 1 1 1 1
0000 2669120.366.root 1 1 1 1 1 1
0000 2669120.367.root 1 1 1 1 1 1
0000 2669120.368.root 1 1 1 1 1 1
0000 2669120.370.root 1 1 1 1 1 1
0000 2669120.372.root 1 1 1 1 1 1
0000 2669120.374.root 1 1 1 1 1 1
0000 2669120.375.root 1 1 1 1 1 1
0000 2669120.376.root 1 1 1 1 1 1
0000 2669120.377.root 1 1 1 1 1 1
0000 2669120.378.root 1 1 1 1 1 1
0000 2669120.379.root 1 1 1 1 1 1
0000 2669120.380.root 1 1 1 1 1 1
0000 2669120.381.root 1 1 1 1 1 1
0000 2669120.382.root 1 1 1 1 1 1
0000 2669120.383.root 1 1 1 1 1 1
0000 2669120.384.root 1 1 1 1 1 1
0000 2669120.385.root 1 1 1 1 1 1
0000 2669120.386.root 1 1 1 1 1 1
0000 2669120.387.root 1 1 1 1 1 1
0000 2669120.388.root 1 1 1 1 1 1
0000 2669120.389.root 1 1 1 1 1 1
0000 2669120.391.root 1 1 1 1 1 1
0000 2669120.392.root 1 1 1 1 1 1
0000 2669120.394.root 1 1 1 1 1 1
0000 2669120.395.root 1 1 1 1 1 1
0000 2669120.396.root 1 1 1 1 1 1
0000 2669120.397.root 1 1 1 1 1 1
0000 2669120.398.root 1 1 1 1 1 1
0000 2669120.399.root 1 1 1 1 1 1
0000 2669120.400.root 1 1 1 1 1 1
0000 2669120.401.root 1 1 1 1 1 1
0000 2669120.402.root 1 1 1 1 1 1
0000 2669120.403.root 1 1 1 1 1 1
0000 2669120.404.root 1 1 1 1 1 1
0000 2669120.406.root 1 1 1 1 1 1
0000 2669120.407.root 1 1 1 1 1 1
0000 2669120.408.root 1 1 1 1 1 1
0000 2669120.409.root 1 1 1 1 1 1
0000 2669120.410.root 1 1 1 1 1 1
0000 2669120.411.root 1 1 1 1 1 1
0000 2669120.412.root 1 1 1 1 1 1
0000 2669120.413.root 1 1 1 1 1 1
0000 2669120.414.root 1 1 1 1 1 1
0000 2669120.415.root 1 1 1 1 1 1
0000 2669120.416.root 1 1 1 1 1 1
0000 2669120.417.root 1 1 1 1 1 1
0000 2669120.44.root 1 1 1 1 1 1
0000 2669120.447.root 1 1 1 1 1 1
0000 2669120.448.root 1 1 1 1 1 1
0000 2669120.449.root 1 1 1 1 1 1
0000 2669120.451.root 1 1 1 1 1 1
0000 2669120.453.root 1 1 1 1 1 1
0000 2669120.455.root 1 1 1 1 1 1
0000 2669120.456.root 1 1 1 1 1 1
0000 2669120.457.root 1 1 1 1 1 1
0000 2669120.459.root 1 1 1 1 1 1
0000 2669120.461.root 1 1 1 1 1 1
0000 2669120.462.root 1 1 1 1 1 1
0000 2669120.463.root 1 1 1 1 1 1
0000 2669120.464.root 1 1 1 1 1 1
0000 2669120.465.root 1 1 1 1 1 1
0000 2669120.467.root 1 1 1 1 1 1
0000 2669120.469.root 1 1 1 1 1 1
0000 2669120.470.root 1 1 1 1 1 1
0000 2669120.472.root 1 1 1 1 1 1
0000 2669120.474.root 1 1 1 1 1 1
0000 2669120.475.root 1 1 1 1 1 1
0000 2669120.476.root 1 1 1 1 1 1
0000 2669120.477.root 1 1 1 1 1 1
0000 2669120.479.root 1 1 1 1 1 1
0000 2669120.48.root 1 1 1 1 1 1
0000 2669120.481.root 1 1 1 1 1 1
0000 2669120.49.root 1 1 1 1 1 1
0000 2669120.491.root 1 1 1 1 1 1
0000 2669120.499.root 1 1 1 1 1 1
0000 2669120.50.root 1 1 1 1 1 1
0000 2669120.500.root 1 1 1 1 1 1
0000 2669120.501.root 1 1 1 1 1 1
0000 2669120.502.root 1 1 1 1 1 1
0000 2669120.503.root 1 1 1 1 1 1
0000 2669120.504.root 1 1 1 1 1 1
0000 2669120.505.root 1 1 1 1 1 1
0000 2669120.506.root 1 1 1 1 1 1
0000 2669120.51.root 1 1 1 1 1 1
0000 2669120.510.root 1 1 1 1 1 1
0000 2669120.511.root 1 1 1 1 1 1
0000 2669120.514.root 1 1 1 1 1 1
0000 2669120.52.root 1 1 1 1 1 1
0000 2669120.53.root 1 1 1 1 1 1
0000 2669120.535.root 1 1 1 1 1 1
0000 2669120.537.root 1 1 1 1 1 1
0000 2669120.538.root 1 1 1 1 1 1
0000 2669120.539.root 1 1 1 1 1 1
0000 2669120.54.root 1 1 1 1 1 1
0000 2669120.542.root 1 1 1 1 1 1
0000 2669120.543.root 1 1 1 1 1 1
0000 2669120.544.root 1 1 1 1 1 1
0000 2669120.546.root 1 1 1 1 1 1
0000 2669120.547.root 1 1 1 1 1 1
0000 2669120.548.root 1 1 1 1 1 1
0000 2669120.549.root 1 1 1 1 1 1
0000 2669120.55.root 1 1 1 1 1 1
0000 2669120.550.root 1 1 1 1 1 1
0000 2669120.56.root 1 1 1 1 1 1
0000 2669120.561.root 1 1 1 1 1 1
0000 2669120.57.root 1 1 1 1 1 1
0000 2669120.58.root 1 1 1 1 1 1
0000 2669120.588.root 1 1 1 1 1 1
0000 2669120.589.root 1 1 1 1 1 1
0000 2669120.59.root 1 1 1 1 1 1
0000 2669120.592.root 1 1 1 1 1 1
0000 2669120.595.root 1 1 1 1 1 1
0000 2669120.596.root 1 1 1 1 1 1
0000 2669120.61.root 1 1 1 1 1 1
0000 2669120.62.root 1 1 1 1 1 1
0000 2669120.63.root 1 1 1 1 1 1
0000 2669120.64.root 1 1 1 1 1 1
0000 2669120.656.root 1 1 1 1 1 1
0000 2669120.657.root 1 1 1 1 1 1
0000 2669120.658.root 1 1 1 1 1 1
0000 2669120.659.root 1 1 1 1 1 1
0000 2669120.66.root 1 1 1 1 1 1
0000 2669120.660.root 1 1 1 1 1 1
0000 2669120.661.root 1 1 1 1 1 1
0000 2669120.662.root 1 1 1 1 1 1
0000 2669120.663.root 1 1 1 1 1 1
0000 2669120.664.root 1 1 1 1 1 1
0000 2669120.665.root 1 1 1 1 1 1
0000 2669120.666.root 1 1 1 1 1 1
0000 2669120.667.root 1 1 1 1 1 1
0000 2669120.672.root 1 1 1 1 1 1
0000 2669120.673.root 1 1 1 1 1 1
0000 2669120.675.root 1 1 1 1 1 1
0000 2669120.676.root 1 1 1 1 1 1
0000 2669120.677.root 1 1 1 1 1 1
0000 2669120.679.root 1 1 1 1 1 1
0000 2669120.681.root 1 1 1 1 1 1
0000 2669120.683.root 1 1 1 1 1 1
0000 2669120.686.root 1 1 1 1 1 1
0000 2669120.687.root 1 1 1 1 1 1
0000 2669120.688.root 1 1 1 1 1 1
0000 2669120.69.root 1 1 1 1 1 1
0000 2669120.693.root 1 1 1 1 1 1
0000 2669120.695.root 1 1 1 1 1 1
0000 2669120.696.root 1 1 1 1 1 1
0000 2669120.697.root 1 1 1 1 1 1
0000 2669120.698.root 1 1 1 1 1 1
0000 2669120.699.root 1 1 1 1 1 1
0000 2669120.70.root 1 1 1 1 1 1
0000 2669120.709.root 1 1 1 1 1 1
0000 2669120.71.root 1 1 1 1 1 1
0000 2669120.710.root 1 1 1 1 1 1
0000 2669120.711.root 1 1 1 1 1 1
0000 2669120.712.root 1 1 1 1 1 1
0000 2669120.717.root 1 1 1 1 1 1
0000 2669120.718.root 1 1 1 1 1 1
0000 2669120.72.root 1 1 1 1 1 1
0000 2669120.720.root 1 1 1 1 1 1
0000 2669120.723.root 1 1 1 1 1 1
0000 2669120.724.root 1 1 1 1 1 1
0000 2669120.726.root 1 1 1 1 1 1
0000 2669120.727.root 1 1 1 1 1 1
0000 2669120.73.root 1 1 1 1 1 1
0001 2669120.730.root 1 1 1 1 1 1
0001 2669120.733.root 1 1 1 1 1 1
0001 2669120.734.root 1 1 1 1 1 1
0001 2669120.735.root 1 1 1 1 1 1
0001 2669120.736.root 1 1 1 1 1 1
0001 2669120.738.root 1 1 1 1 1 1
0001 2669120.739.root 1 1 1 1 1 1
0001 2669120.74.root 1 1 1 1 1 1
0001 2669120.744.root 1 1 1 1 1 1
0001 2669120.745.root 1 1 1 1 1 1
0001 2669120.747.root 1 1 1 1 1 1
0001 2669120.748.root 1 1 1 1 1 1
0001 2669120.749.root 1 1 1 1 1 1
0001 2669120.75.root 1 1 1 1 1 1
0001 2669120.750.root 1 1 1 1 1 1
0001 2669120.752.root 1 1 1 1 1 1
0001 2669120.753.root 1 1 1 1 1 1
0001 2669120.754.root 1 1 1 1 1 1
0001 2669120.756.root 1 1 1 1 1 1
0001 2669120.758.root 1 1 1 1 1 1
0001 2669120.759.root 1 1 1 1 1 1
0001 2669120.760.root 1 1 1 1 1 1
0001 2669120.763.root 1 1 1 1 1 1
0001 2669120.766.root 1 1 1 1 1 1
0001 2669120.77.root 1 1 1 1 1 1
0001 2669120.771.root 1 1 1 1 1 1
0001 2669120.772.root 1 1 1 1 1 1
0001 2669120.773.root 1 1 1 1 1 1
0001 2669120.774.root 1 1 1 1 1 1
0001 2669120.777.root 1 1 1 1 1 1
0001 2669120.78.root 1 1 1 1 1 1
0001 2669120.780.root 1 1 1 1 1 1
0001 2669120.781.root 1 1 1 1 1 1
0001 2669120.784.root 1 1 1 1 1 1
0001 2669120.785.root 1 1 1 1 1 1
0001 2669120.786.root 1 1 1 1 1 1
0001 2669120.79.root 1 1 1 1 1 1
0001 2669120.792.root 1 1 1 1 1 1
0001 2669120.793.root 1 1 1 1 1 1
0001 2669120.797.root 1 1 1 1 1 1
0001 2669120.798.root 1 1 1 1 1 1
0001 2669120.80.root 1 1 1 1 1 1
0001 2669120.801.root 1 1 1 1 1 1
0001 2669120.802.root 1 1 1 1 1 1
0001 2669120.806.root 1 1 1 1 1 1
0001 2669120.807.root 1 1 1 1 1 1
0001 2669120.808.root 1 1 1 1 1 1
0001 2669120.81.root 1 1 1 1 1 1
0001 2669120.811.root 1 1 1 1 1 1
0001 2669120.812.root 1 1 1 1 1 1
0001 2669120.814.root 1 1 1 1 1 1
0001 2669120.815.root 1 1 1 1 1 1
0001 2669120.817.root 1 1 1 1 1 1
0001 2669120.818.root 1 1 1 1 1 1
0001 2669120.819.root 1 1 1 1 1 1
0001 2669120.82.root 1 1 1 1 1 1
0001 2669120.820.root 1 1 1 1 1 1
0001 2669120.824.root 1 1 1 1 1 1
0001 2669120.825.root 1 1 1 1 1 1
0001 2669120.826.root 1 1 1 1 1 1
0001 2669120.827.root 1 1 1 1 1 1
0001 2669120.828.root 1 1 1 1 1 1
0001 2669120.829.root 1 1 1 1 1 1
0001 2669120.83.root 1 1 1 1 1 1
0001 2669120.830.root 1 1 1 1 1 1
0001 2669120.831.root 1 1 1 1 1 1
0001 2669120.833.root 1 1 1 1 1 1
0001 2669120.835.root 1 1 1 1 1 1
0001 2669120.836.root 1 1 1 1 1 1
0001 2669120.837.root 1 1 1 1 1 1
0001 2669120.84.root 1 1 1 1 1 1
0001 2669120.841.root 1 1 1 1 1 1
0001 2669120.842.root 1 1 1 1 1 1
0001 2669120.843.root 1 1 1 1 1 1
0001 2669120.845.root 1 1 1 1 1 1
0001 2669120.846.root 1 1 1 1 1 1
0001 2669120.847.root 1 1 1 1 1 1
0001 2669120.853.root 1 1 1 1 1 1
0001 2669120.855.root 1 1 1 1 1 1
0001 2669120.86.root 1 1 1 1 1 1
0001 2669120.866.root 1 1 1 1 1 1
0001 2669120.87.root 1 1 1 1 1 1
0001 2669120.871.root 1 1 1 1 1 1
0001 2669120.877.root 1 1 1 1 1 1
0001 2669120.88.root 1 1 1 1 1 1
0001 2669120.882.root 1 1 1 1 1 1
0001 2669120.889.root 1 1 1 1 1 1
0001 2669120.89.root 1 1 1 1 1 1
0001 2669120.897.root 1 1 1 1 1 1
0001 2669120.898.root 1 1 1 1 1 1
0001 2669120.90.root 1 1 1 1 1 1
0001 2669120.901.root 1 1 1 1 1 1
0001 2669120.91.root 1 1 1 1 1 1
0001 2669120.916.root 1 1 1 1 1 1
0001 2669120.917.root 1 1 1 1 1 1
0001 2669120.918.root 1 1 1 1 1 1
0001 2669120.923.root 1 1 1 1 1 1
0001 2669120.93.root 1 1 1 1 1 1
0001 2669120.931.root 1 1 1 1 1 1
0001 2669120.94.root 1 1 1 1 1 1
0001 2669120.941.root 1 1 1 1 1 1
0001 2669120.942.root 1 1 1 1 1 1
0001 2669120.945.root 1 1 1 1 1 1
0001 2669120.948.root 1 1 1 1 1 1
0001 2669120.95.root 1 1 1 1 1 1
0001 2669120.955.root 1 1 1 1 1 1
0001 2669120.967.root 1 1 1 1 1 1
0001 2669120.968.root 1 1 1 1 1 1
0001 2669120.970.root 1 1 1 1 1 1
0001 2669120.972.root 1 1 1 1 1 1
0001 2669120.978.root 1 1 1 1 1 1
0001 2669120.98.root 1 1 1 1 1 1
0001 2669120.984.root 1 1 1 1 1 1
0001 2669120.99.root 1 1 1 1 1 1
0001 2669120.991.root 1 1 1 1 1 1
0001 2669120.993.root 1 1 1 1 1 1
0001 2669120.996.root 1 1 1 1 1 1
0001 2669120.999.root 1 1 1 1 1 1
0001 2669121.102.root 1 1 1 1 1 1
0001 2669121.104.root 1 1 1 1 1 1
0001 2669121.106.root 1 1 1 1 1 1
0001 2669121.115.root 1 1 1 1 1 1
0001 2669121.118.root 1 1 1 1 1 1
0001 2669121.119.root 1 1 1 1 1 1
0001 2669121.121.root 1 1 1 1 1 1
0001 2669121.127.root 1 1 1 1 1 1
0001 2669121.128.root 1 1 1 1 1 1
0001 2669121.129.root 1 1 1 1 1 1
0001 2669121.13.root 1 1 1 1 1 1
0001 2669121.130.root 1 1 1 1 1 1
0001 2669121.131.root 1 1 1 1 1 1
0001 2669121.132.root 1 1 1 1 1 1
0001 2669121.133.root 1 1 1 1 1 1
0001 2669121.134.root 1 1 1 1 1 1
0001 2669121.135.root 1 1 1 1 1 1
0001 2669121.136.root 1 1 1 1 1 1
0001 2669121.137.root 1 1 1 1 1 1
0001 2669121.138.root 1 1 1 1 1 1
0001 2669121.139.root 1 1 1 1 1 1
0001 2669121.14.root 1 1 1 1 1 1
0001 2669121.140.root 1 1 1 1 1 1
0001 2669121.141.root 1 1 1 1 1 1
0001 2669121.145.root 1 1 1 1 1 1
0001 2669121.146.root 1 1 1 1 1 1
0001 2669121.147.root 1 1 1 1 1 1
0001 2669121.148.root 1 1 1 1 1 1
0001 2669121.149.root 1 1 1 1 1 1
0001 2669121.15.root 1 1 1 1 1 1
0001 2669121.150.root 1 1 1 1 1 1
0001 2669121.151.root 1 1 1 1 1 1
0001 2669121.152.root 1 1 1 1 1 1
0001 2669121.153.root 1 1 1 1 1 1
0001 2669121.158.root 1 1 1 1 1 1
0001 2669121.159.root 1 1 1 1 1 1
0001 2669121.16.root 1 1 1 1 1 1
0001 2669121.160.root 1 1 1 1 1 1
0001 2669121.164.root 1 1 1 1 1 1
0001 2669121.165.root 1 1 1 1 1 1
0001 2669121.166.root 1 1 1 1 1 1
0001 2669121.171.root 1 1 1 1 1 1
0001 2669121.173.root 1 1 1 1 1 1
0001 2669121.176.root 1 1 1 1 1 1
0001 2669121.18.root 1 1 1 1 1 1
0001 2669121.184.root 1 1 1 1 1 1
0001 2669121.185.root 1 1 1 1 1 1
0001 2669121.188.root 1 1 1 1 1 1
0001 2669121.19.root 1 1 1 1 1 1
0001 2669121.190.root 1 1 1 1 1 1
0001 2669121.192.root 1 1 1 1 1 1
0001 2669121.193.root 1 1 1 1 1 1
0001 2669121.195.root 1 1 1 1 1 1
0001 2669121.196.root 1 1 1 1 1 1
0001 2669121.197.root 1 1 1 1 1 1
0001 2669121.20.root 1 1 1 1 1 1
0001 2669121.202.root 1 1 1 1 1 1
0001 2669121.203.root 1 1 1 1 1 1
0001 2669121.205.root 1 1 1 1 1 1
0001 2669121.206.root 1 1 1 1 1 1
0001 2669121.210.root 1 1 1 1 1 1
0001 2669121.214.root 1 1 1 1 1 1
0001 2669121.215.root 1 1 1 1 1 1
0001 2669121.218.root 1 1 1 1 1 1
0001 2669121.219.root 1 1 1 1 1 1
0001 2669121.222.root 1 1 1 1 1 1
0001 2669121.226.root 1 1 1 1 1 1
0001 2669121.227.root 1 1 1 1 1 1
0001 2669121.228.root 1 1 1 1 1 1
0001 2669121.232.root 1 1 1 1 1 1
0001 2669121.233.root 1 1 1 1 1 1
0001 2669121.234.root 1 1 1 1 1 1
0001 2669121.238.root 1 1 1 1 1 1
0001 2669121.240.root 1 1 1 1 1 1
0001 2669121.241.root 1 1 1 1 1 1
0001 2669121.242.root 1 1 1 1 1 1
0001 2669121.243.root 1 1 1 1 1 1
0001 2669121.244.root 1 1 1 1 1 1
0001 2669121.245.root 1 1 1 1 1 1
0001 2669121.246.root 1 1 1 1 1 1
0001 2669121.247.root 1 1 1 1 1 1
0001 2669121.249.root 1 1 1 1 1 1
0001 2669121.250.root 1 1 1 1 1 1
0001 2669121.252.root 1 1 1 1 1 1
0001 2669121.254.root 1 1 1 1 1 1
0001 2669121.255.root 1 1 1 1 1 1
0001 2669121.256.root 1 1 1 1 1 1
0001 2669121.257.root 1 1 1 1 1 1
0001 2669121.260.root 1 1 1 1 1 1
0001 2669121.261.root 1 1 1 1 1 1
0001 2669121.262.root 1 1 1 1 1 1
0001 2669121.263.root 1 1 1 1 1 1
0001 2669121.265.root 1 1 1 1 1 1
0001 2669121.266.root 1 1 1 1 1 1
0001 2669121.268.root 1 1 1 1 1 1
0001 2669121.269.root 1 1 1 1 1 1
0001 2669121.270.root 1 1 1 1 1 1
0001 2669121.273.root 1 1 1 1 1 1
0001 2669121.274.root 1 1 1 1 1 1
0001 2669121.279.root 1 1 1 1 1 1
0001 2669121.280.root 1 1 1 1 1 1
0001 2669121.282.root 1 1 1 1 1 1
0001 2669121.284.root 1 1 1 1 1 1
0001 2669121.287.root 1 1 1 1 1 1
0001 2669121.288.root 1 1 1 1 1 1
0001 2669121.291.root 1 1 1 1 1 1
0001 2669121.294.root 1 1 1 1 1 1
0001 2669121.295.root 1 1 1 1 1 1
0001 2669121.297.root 1 1 1 1 1 1
0001 2669121.298.root 1 1 1 1 1 1
0001 2669121.299.root 1 1 1 1 1 1
0001 2669121.30.root 1 1 1 1 1 1
0001 2669121.300.root 1 1 1 1 1 1
0001 2669121.302.root 1 1 1 1 1 1
0001 2669121.303.root 1 1 1 1 1 1
0001 2669121.305.root 1 1 1 1 1 1
0001 2669121.306.root 1 1 1 1 1 1
0001 2669121.307.root 1 1 1 1 1 1
0001 2669121.308.root 1 1 1 1 1 1
0001 2669121.309.root 1 1 1 1 1 1
0001 2669121.313.root 1 1 1 1 1 1
0001 2669121.314.root 1 1 1 1 1 1
0001 2669121.315.root 1 1 1 1 1 1
0001 2669121.316.root 1 1 1 1 1 1
0001 2669121.317.root 1 1 1 1 1 1
0001 2669121.319.root 1 1 1 1 1 1
0001 2669121.32.root 1 1 1 1 1 1
0001 2669121.320.root 1 1 1 1 1 1
0001 2669121.321.root 1 1 1 1 1 1
0001 2669121.322.root 1 1 1 1 1 1
0001 2669121.323.root 1 1 1 1 1 1
0001 2669121.325.root 1 1 1 1 1 1
0001 2669121.329.root 1 1 1 1 1 1
0001 2669121.33.root 1 1 1 1 1 1
0001 2669121.332.root 1 1 1 1 1 1
0001 2669121.333.root 1 1 1 1 1 1
0001 2669121.334.root 1 1 1 1 1 1
0001 2669121.335.root 1 1 1 1 1 1
0001 2669121.336.root 1 1 1 1 1 1
0001 2669121.337.root 1 1 1 1 1 1
0001 2669121.338.root 1 1 1 1 1 1
0001 2669121.340.root 1 1 1 1 1 1
0001 2669121.341.root 1 1 1 1 1 1
0001 2669121.342.root 1 1 1 1 1 1
0001 2669121.35.root 1 1 1 1 1 1
0001 2669121.351.root 1 1 1 1 1 1
0001 2669121.353.root 1 1 1 1 1 1
0001 2669121.354.root 1 1 1 1 1 1
0001 2669121.356.root 1 1 1 1 1 1
0001 2669121.357.root 1 1 1 1 1 1
0001 2669121.359.root 1 1 1 1 1 1
0001 2669121.362.root 1 1 1 1 1 1
0001 2669121.364.root 1 1 1 1 1 1
0001 2669121.365.root 1 1 1 1 1 1
0001 2669121.366.root 1 1 1 1 1 1
0001 2669121.368.root 1 1 1 1 1 1
0001 2669121.369.root 1 1 1 1 1 1
0001 2669121.370.root 1 1 1 1 1 1
0001 2669121.373.root 1 1 1 1 1 1
0001 2669121.374.root 1 1 1 1 1 1
0001 2669121.375.root 1 1 1 1 1 1
0001 2669121.376.root 1 1 1 1 1 1
0001 2669121.377.root 1 1 1 1 1 1
0001 2669121.378.root 1 1 1 1 1 1
0001 2669121.379.root 1 1 1 1 1 1
0001 2669121.38.root 1 1 1 1 1 1
0001 2669121.381.root 1 1 1 1 1 1
0001 2669121.382.root 1 1 1 1 1 1
0001 2669121.383.root 1 1 1 1 1 1
0001 2669121.384.root 1 1 1 1 1 1
0001 2669121.386.root 1 1 1 1 1 1
0001 2669121.387.root 1 1 1 1 1 1
0001 2669121.388.root 1 1 1 1 1 1
0001 2669121.389.root 1 1 1 1 1 1
0001 2669121.39.root 1 1 1 1 1 1
0001 2669121.390.root 1 1 1 1 1 1
0001 2669121.391.root 1 1 1 1 1 1
0001 2669121.393.root 1 1 1 1 1 1
0001 2669121.394.root 1 1 1 1 1 1
0001 2669121.395.root 1 1 1 1 1 1
0001 2669121.396.root 1 1 1 1 1 1
0001 2669121.397.root 1 1 1 1 1 1
0001 2669121.398.root 1 1 1 1 1 1
0001 2669121.399.root 1 1 1 1 1 1
0001 2669121.401.root 1 1 1 1 1 1
0001 2669121.403.root 1 1 1 1 1 1
0001 2669121.404.root 1 1 1 1 1 1
0001 2669121.405.root 1 1 1 1 1 1
0001 2669121.406.root 1 1 1 1 1 1
0001 2669121.407.root 1 1 1 1 1 1
0001 2669121.408.root 1 1 1 1 1 1
0001 2669121.409.root 1 1 1 1 1 1
0001 2669121.410.root 1 1 1 1 1 1
0001 2669121.411.root 1 1 1 1 1 1
0001 2669121.412.root 1 1 1 1 1 1
0001 2669121.413.root 1 1 1 1 1 1
0001 2669121.414.root 1 1 1 1 1 1
0001 2669121.415.root 1 1 1 1 1 1
0001 2669121.416.root 1 1 1 1 1 1
0001 2669121.417.root 1 1 1 1 1 1
0001 2669121.418.root 1 1 1 1 1 1
0001 2669121.419.root 1 1 1 1 1 1
0001 2669121.420.root 1 1 1 1 1 1
0001 2669121.422.root 1 1 1 1 1 1
0001 2669121.430.root 1 1 1 1 1 1
0001 2669121.432.root 1 1 1 1 1 1
0001 2669121.433.root 1 1 1 1 1 1
0001 2669121.435.root 1 1 1 1 1 1
0001 2669121.436.root 1 1 1 1 1 1
0001 2669121.437.root 1 1 1 1 1 1
0001 2669121.438.root 1 1 1 1 1 1
0001 2669121.44.root 1 1 1 1 1 1
0001 2669121.440.root 1 1 1 1 1 1
0001 2669121.441.root 1 1 1 1 1 1
0001 2669121.442.root 1 1 1 1 1 1
0001 2669121.45.root 1 1 1 1 1 1
0001 2669121.46.root 1 1 1 1 1 1
0001 2669121.47.root 1 1 1 1 1 1
0001 2669121.48.root 1 1 1 1 1 1
0001 2669121.49.root 1 1 1 1 1 1
0001 2669121.509.root 1 1 1 1 1 1
0001 2669121.51.root 1 1 1 1 1 1
0001 2669121.511.root 1 1 1 1 1 1
0001 2669121.512.root 1 1 1 1 1 1
0001 2669121.513.root 1 1 1 1 1 1
0001 2669121.514.root 1 1 1 1 1 1
0001 2669121.515.root 1 1 1 1 1 1
0001 2669121.516.root 1 1 1 1 1 1
0001 2669121.517.root 1 1 1 1 1 1
0001 2669121.518.root 1 1 1 1 1 1
0001 2669121.519.root 1 1 1 1 1 1
0001 2669121.520.root 1 1 1 1 1 1
0001 2669121.521.root 1 1 1 1 1 1
0001 2669121.523.root 1 1 1 1 1 1
0001 2669121.525.root 1 1 1 1 1 1
0001 2669121.526.root 1 1 1 1 1 1
0001 2669121.527.root 1 1 1 1 1 1
0001 2669121.528.root 1 1 1 1 1 1
0001 2669121.529.root 1 1 1 1 1 1
0001 2669121.53.root 1 1 1 1 1 1
0001 2669121.531.root 1 1 1 1 1 1
0001 2669121.533.root 1 1 1 1 1 1
0001 2669121.534.root 1 1 1 1 1 1
0001 2669121.535.root 1 1 1 1 1 1
0001 2669121.537.root 1 1 1 1 1 1
0001 2669121.538.root 1 1 1 1 1 1
0001 2669121.54.root 1 1 1 1 1 1
0001 2669121.540.root 1 1 1 1 1 1
0001 2669121.544.root 1 1 1 1 1 1
0001 2669121.545.root 1 1 1 1 1 1
0001 2669121.547.root 1 1 1 1 1 1
0001 2669121.55.root 1 1 1 1 1 1
0001 2669121.550.root 1 1 1 1 1 1
0001 2669121.554.root 1 1 1 1 1 1
0001 2669121.555.root 1 1 1 1 1 1
0001 2669121.559.root 1 1 1 1 1 1
0001 2669121.560.root 1 1 1 1 1 1
0001 2669121.561.root 1 1 1 1 1 1
0001 2669121.566.root 1 1 1 1 1 1
0001 2669121.568.root 1 1 1 1 1 1
0001 2669121.569.root 1 1 1 1 1 1
0001 2669121.571.root 1 1 1 1 1 1
0001 2669121.574.root 1 1 1 1 1 1
0001 2669121.575.root 1 1 1 1 1 1
0001 2669121.576.root 1 1 1 1 1 1
0001 2669121.577.root 1 1 1 1 1 1
0001 2669121.578.root 1 1 1 1 1 1
0001 2669121.579.root 1 1 1 1 1 1
0001 2669121.58.root 1 1 1 1 1 1
0001 2669121.581.root 1 1 1 1 1 1
0001 2669121.582.root 1 1 1 1 1 1
0001 2669121.586.root 1 1 1 1 1 1
0001 2669121.587.root 1 1 1 1 1 1
0001 2669121.588.root 1 1 1 1 1 1
0001 2669121.589.root 1 1 1 1 1 1
0001 2669121.59.root 1 1 1 1 1 1
0001 2669121.590.root 1 1 1 1 1 1
0001 2669121.591.root 1 1 1 1 1 1
0001 2669121.592.root 1 1 1 1 1 1
0001 2669121.594.root 1 1 1 1 1 1
0001 2669121.595.root 1 1 1 1 1 1
0001 2669121.597.root 1 1 1 1 1 1
0002 2669121.599.root 1 1 1 1 1 1
0002 2669121.6.root 1 1 1 1 1 1
0002 2669121.600.root 1 1 1 1 1 1
0002 2669121.602.root 1 1 1 1 1 1
0002 2669121.603.root 1 1 1 1 1 1
0002 2669121.604.root 1 1 1 1 1 1
0002 2669121.605.root 1 1 1 1 1 1
0002 2669121.606.root 1 1 1 1 1 1
0002 2669121.607.root 1 1 1 1 1 1
0002 2669121.608.root 1 1 1 1 1 1
0002 2669121.609.root 1 1 1 1 1 1
0002 2669121.61.root 1 1 1 1 1 1
0002 2669121.611.root 1 1 1 1 1 1
0002 2669121.613.root 1 1 1 1 1 1
0002 2669121.614.root 1 1 1 1 1 1
0002 2669121.615.root 1 1 1 1 1 1
0002 2669121.617.root 1 1 1 1 1 1
0002 2669121.618.root 1 1 1 1 1 1
0002 2669121.619.root 1 1 1 1 1 1
0002 2669121.622.root 1 1 1 1 1 1
0002 2669121.623.root 1 1 1 1 1 1
0002 2669121.624.root 1 1 1 1 1 1
0002 2669121.625.root 1 1 1 1 1 1
0002 2669121.626.root 1 1 1 1 1 1
0002 2669121.628.root 1 1 1 1 1 1
0002 2669121.629.root 1 1 1 1 1 1
0002 2669121.630.root 1 1 1 1 1 1
0002 2669121.632.root 1 1 1 1 1 1
0002 2669121.633.root 1 1 1 1 1 1
0002 2669121.634.root 1 1 1 1 1 1
0002 2669121.636.root 1 1 1 1 1 1
0002 2669121.637.root 1 1 1 1 1 1
0002 2669121.639.root 1 1 1 1 1 1
0002 2669121.64.root 1 1 1 1 1 1
0002 2669121.640.root 1 1 1 1 1 1
0002 2669121.643.root 1 1 1 1 1 1
0002 2669121.647.root 1 1 1 1 1 1
0002 2669121.649.root 1 1 1 1 1 1
0002 2669121.650.root 1 1 1 1 1 1
0002 2669121.651.root 1 1 1 1 1 1
0002 2669121.652.root 1 1 1 1 1 1
0002 2669121.653.root 1 1 1 1 1 1
0002 2669121.659.root 1 1 1 1 1 1
0002 2669121.66.root 1 1 1 1 1 1
0002 2669121.661.root 1 1 1 1 1 1
0002 2669121.662.root 1 1 1 1 1 1
0002 2669121.663.root 1 1 1 1 1 1
0002 2669121.666.root 1 1 1 1 1 1
0002 2669121.667.root 1 1 1 1 1 1
0002 2669121.669.root 1 1 1 1 1 1
0002 2669121.67.root 1 1 1 1 1 1
0002 2669121.671.root 1 1 1 1 1 1
0002 2669121.672.root 1 1 1 1 1 1
0002 2669121.673.root 1 1 1 1 1 1
0002 2669121.675.root 1 1 1 1 1 1
0002 2669121.676.root 1 1 1 1 1 1
0002 2669121.678.root 1 1 1 1 1 1
0002 2669121.679.root 1 1 1 1 1 1
0002 2669121.68.root 1 1 1 1 1 1
0002 2669121.680.root 1 1 1 1 1 1
0002 2669121.683.root 1 1 1 1 1 1
0002 2669121.684.root 1 1 1 1 1 1
0002 2669121.685.root 1 1 1 1 1 1
0002 2669121.686.root 1 1 1 1 1 1
0002 2669121.687.root 1 1 1 1 1 1
0002 2669121.688.root 1 1 1 1 1 1
0002 2669121.689.root 1 1 1 1 1 1
0002 2669121.69.root 1 1 1 1 1 1
0002 2669121.690.root 1 1 1 1 1 1
0002 2669121.691.root 1 1 1 1 1 1
0002 2669121.692.root 1 1 1 1 1 1
0002 2669121.693.root 1 1 1 1 1 1
0002 2669121.694.root 1 1 1 1 1 1
0002 2669121.695.root 1 1 1 1 1 1
0002 2669121.696.root 1 1 1 1 1 1
0002 2669121.697.root 1 1 1 1 1 1
0002 2669121.7.root 1 1 1 1 1 1
0002 2669121.70.root 1 1 1 1 1 1
0002 2669121.700.root 1 1 1 1 1 1
0002 2669121.702.root 1 1 1 1 1 1
0002 2669121.704.root 1 1 1 1 1 1
0002 2669121.705.root 1 1 1 1 1 1
0002 2669121.706.root 1 1 1 1 1 1
0002 2669121.707.root 1 1 1 1 1 1
0002 2669121.708.root 1 1 1 1 1 1
0002 2669121.709.root 1 1 1 1 1 1
0002 2669121.710.root 1 1 1 1 1 1
0002 2669121.711.root 1 1 1 1 1 1
0002 2669121.712.root 1 1 1 1 1 1
0002 2669121.713.root 1 1 1 1 1 1
0002 2669121.714.root 1 1 1 1 1 1
0002 2669121.715.root 1 1 1 1 1 1
0002 2669121.716.root 1 1 1 1 1 1
0002 2669121.717.root 1 1 1 1 1 1
0002 2669121.718.root 1 1 1 1 1 1
0002 2669121.719.root 1 1 1 1 1 1
0002 2669121.720.root 1 1 1 1 1 1
0002 2669121.721.root 1 1 1 1 1 1
0002 2669121.722.root 1 1 1 1 1 1
0002 2669121.723.root 1 1 1 1 1 1
0002 2669121.724.root 1 1 1 1 1 1
0002 2669121.726.root 1 1 1 1 1 1
0002 2669121.727.root 1 1 1 1 1 1
0002 2669121.728.root 1 1 1 1 1 1
0002 2669121.73.root 1 1 1 1 1 1
0002 2669121.730.root 1 1 1 1 1 1
0002 2669121.731.root 1 1 1 1 1 1
0002 2669121.732.root 1 1 1 1 1 1
0002 2669121.733.root 1 1 1 1 1 1
0002 2669121.736.root 1 1 1 1 1 1
0002 2669121.737.root 1 1 1 1 1 1
0002 2669121.738.root 1 1 1 1 1 1
0002 2669121.739.root 1 1 1 1 1 1
0002 2669121.74.root 1 1 1 1 1 1
0002 2669121.740.root 1 1 1 1 1 1
0002 2669121.742.root 1 1 1 1 1 1
0002 2669121.744.root 1 1 1 1 1 1
0002 2669121.745.root 1 1 1 1 1 1
0002 2669121.746.root 1 1 1 1 1 1
0002 2669121.747.root 1 1 1 1 1 1
0002 2669121.748.root 1 1 1 1 1 1
0002 2669121.749.root 1 1 1 1 1 1
0002 2669121.750.root 1 1 1 1 1 1
0002 2669121.751.root 1 1 1 1 1 1
0002 2669121.752.root 1 1 1 1 1 1
0002 2669121.753.root 1 1 1 1 1 1
0002 2669121.754.root 1 1 1 1 1 1
0002 2669121.755.root 1 1 1 1 1 1
0002 2669121.756.root 1 1 1 1 1 1
0002 2669121.757.root 1 1 1 1 1 1
0002 2669121.758.root 1 1 1 1 1 1
0002 2669121.759.root 1 1 1 1 1 1
0002 2669121.760.root 1 1 1 1 1 1
0002 2669121.761.root 1 1 1 1 1 1
0002 2669121.762.root 1 1 1 1 1 1
0002 2669121.763.root 1 1 1 1 1 1
0002 2669121.764.root 1 1 1 1 1 1
0002 2669121.765.root 1 1 1 1 1 1
0002 2669121.766.root 1 1 1 1 1 1
0002 2669121.769.root 1 1 1 1 1 1
0002 2669121.77.root 1 1 1 1 1 1
0002 2669121.770.root 1 1 1 1 1 1
0002 2669121.771.root 1 1 1 1 1 1
0002 2669121.772.root 1 1 1 1 1 1
0002 2669121.773.root 1 1 1 1 1 1
0002 2669121.775.root 1 1 1 1 1 1
0002 2669121.776.root 1 1 1 1 1 1
0002 2669121.777.root 1 1 1 1 1 1
0002 2669121.778.root 1 1 1 1 1 1
0002 2669121.779.root 1 1 1 1 1 1
0002 2669121.780.root 1 1 1 1 1 1
0002 2669121.781.root 1 1 1 1 1 1
0002 2669121.783.root 1 1 1 1 1 1
0002 2669121.784.root 1 1 1 1 1 1
0002 2669121.786.root 1 1 1 1 1 1
0002 2669121.789.root 1 1 1 1 1 1
0002 2669121.79.root 1 1 1 1 1 1
0002 2669121.790.root 1 1 1 1 1 1
0002 2669121.791.root 1 1 1 1 1 1
0002 2669121.792.root 1 1 1 1 1 1
0002 2669121.793.root 1 1 1 1 1 1
0002 2669121.795.root 1 1 1 1 1 1
0002 2669121.796.root 1 1 1 1 1 1
0002 2669121.798.root 1 1 1 1 1 1
0002 2669121.80.root 1 1 1 1 1 1
0002 2669121.800.root 1 1 1 1 1 1
0002 2669121.801.root 1 1 1 1 1 1
0002 2669121.802.root 1 1 1 1 1 1
0002 2669121.803.root 1 1 1 1 1 1
0002 2669121.804.root 1 1 1 1 1 1
0002 2669121.806.root 1 1 1 1 1 1
0002 2669121.807.root 1 1 1 1 1 1
0002 2669121.809.root 1 1 1 1 1 1
0002 2669121.810.root 1 1 1 1 1 1
0002 2669121.818.root 1 1 1 1 1 1
0002 2669121.821.root 1 1 1 1 1 1
0002 2669121.822.root 1 1 1 1 1 1
0002 2669121.823.root 1 1 1 1 1 1
0002 2669121.825.root 1 1 1 1 1 1
0002 2669121.827.root 1 1 1 1 1 1
0002 2669121.829.root 1 1 1 1 1 1
0002 2669121.83.root 1 1 1 1 1 1
0002 2669121.834.root 1 1 1 1 1 1
0002 2669121.835.root 1 1 1 1 1 1
0002 2669121.839.root 1 1 1 1 1 1
0002 2669121.84.root 1 1 1 1 1 1
0002 2669121.840.root 1 1 1 1 1 1
0002 2669121.841.root 1 1 1 1 1 1
0002 2669121.843.root 1 1 1 1 1 1
0002 2669121.844.root 1 1 1 1 1 1
0002 2669121.845.root 1 1 1 1 1 1
0002 2669121.846.root 1 1 1 1 1 1
0002 2669121.847.root 1 1 1 1 1 1
0002 2669121.85.root 1 1 1 1 1 1
0002 2669121.850.root 1 1 1 1 1 1
0002 2669121.852.root 1 1 1 1 1 1
0002 2669121.853.root 1 1 1 1 1 1
0002 2669121.854.root 1 1 1 1 1 1
0002 2669121.855.root 1 1 1 1 1 1
0002 2669121.857.root 1 1 1 1 1 1
0002 2669121.86.root 1 1 1 1 1 1
0002 2669121.860.root 1 1 1 1 1 1
0002 2669121.861.root 1 1 1 1 1 1
0002 2669121.862.root 1 1 1 1 1 1
0002 2669121.865.root 1 1 1 1 1 1
0002 2669121.87.root 1 1 1 1 1 1
0002 2669121.870.root 1 1 1 1 1 1
0002 2669121.871.root 1 1 1 1 1 1
0002 2669121.872.root 1 1 1 1 1 1
0002 2669121.873.root 1 1 1 1 1 1
0002 2669121.878.root 1 1 1 1 1 1
0002 2669121.88.root 1 1 1 1 1 1
0002 2669121.880.root 1 1 1 1 1 1
0002 2669121.883.root 1 1 1 1 1 1
0002 2669121.887.root 1 1 1 1 1 1
0002 2669121.888.root 1 1 1 1 1 1
0002 2669121.889.root 1 1 1 1 1 1
0002 2669121.89.root 1 1 1 1 1 1
0002 2669121.897.root 1 1 1 1 1 1
0002 2669121.898.root 1 1 1 1 1 1
0002 2669121.899.root 1 1 1 1 1 1
0002 2669121.90.root 1 1 1 1 1 1
0002 2669121.900.root 1 1 1 1 1 1
0002 2669121.901.root 1 1 1 1 1 1
0002 2669121.902.root 1 1 1 1 1 1
0002 2669121.905.root 1 1 1 1 1 1
0002 2669121.907.root 1 1 1 1 1 1
0002 2669121.908.root 1 1 1 1 1 1
0002 2669121.909.root 1 1 1 1 1 1
0002 2669121.91.root 1 1 1 1 1 1
0002 2669121.910.root 1 1 1 1 1 1
0002 2669121.911.root 1 1 1 1 1 1
0002 2669121.912.root 1 1 1 1 1 1
0002 2669121.913.root 1 1 1 1 1 1
0002 2669121.915.root 1 1 1 1 1 1
0002 2669121.916.root 1 1 1 1 1 1
0002 2669121.919.root 1 1 1 1 1 1
0002 2669121.92.root 1 1 1 1 1 1
0002 2669121.921.root 1 1 1 1 1 1
0002 2669121.922.root 1 1 1 1 1 1
0002 2669121.923.root 1 1 1 1 1 1
0002 2669121.926.root 1 1 1 1 1 1
0002 2669121.927.root 1 1 1 1 1 1
0002 2669121.928.root 1 1 1 1 1 1
0002 2669121.929.root 1 1 1 1 1 1
0002 2669121.931.root 1 1 1 1 1 1
0002 2669121.932.root 1 1 1 1 1 1
0002 2669121.935.root 1 1 1 1 1 1
0002 2669121.936.root 1 1 1 1 1 1
0002 2669121.937.root 1 1 1 1 1 1
0002 2669121.938.root 1 1 1 1 1 1
0002 2669121.943.root 1 1 1 1 1 1
0002 2669121.944.root 1 1 1 1 1 1
0002 2669121.946.root 1 1 1 1 1 1
0002 2669121.947.root 1 1 1 1 1 1
0002 2669121.949.root 1 1 1 1 1 1
0002 2669121.950.root 1 1 1 1 1 1
0002 2669121.951.root 1 1 1 1 1 1
0002 2669121.952.root 1 1 1 1 1 1
0002 2669121.953.root 1 1 1 1 1 1
0002 2669121.954.root 1 1 1 1 1 1
0002 2669121.956.root 1 1 1 1 1 1
0002 2669121.960.root 1 1 1 1 1 1
0002 2669121.962.root 1 1 1 1 1 1
0002 2669121.964.root 1 1 1 1 1 1
0002 2669121.966.root 1 1 1 1 1 1
0002 2669121.967.root 1 1 1 1 1 1
0002 2669121.968.root 1 1 1 1 1 1
0002 2669121.97.root 1 1 1 1 1 1
0002 2669121.975.root 1 1 1 1 1 1
0002 2669121.979.root 1 1 1 1 1 1
0002 2669121.98.root 1 1 1 1 1 1
0002 2669121.980.root 1 1 1 1 1 1
0002 2669121.986.root 1 1 1 1 1 1
0002 2669121.987.root 1 1 1 1 1 1
0002 2669121.991.root 1 1 1 1 1 1
0002 2669121.992.root 1 1 1 1 1 1
0002 2669121.993.root 1 1 1 1 1 1
0002 2669121.994.root 1 1 1 1 1 1
0002 2669121.995.root 1 1 1 1 1 1
0002 2669121.996.root 1 1 1 1 1 1
