0000 panda_437623_0.root 1 1 1 1 1 1
0000 panda_437623_10.root 1 1 1 1 1 1
0000 panda_437623_100.root 1 1 1 1 1 1
0000 panda_437623_101.root 1 1 1 1 1 1
0000 panda_437623_103.root 1 1 1 1 1 1
0000 panda_437623_104.root 1 1 1 1 1 1
0000 panda_437623_105.root 1 1 1 1 1 1
0000 panda_437623_106.root 1 1 1 1 1 1
0000 panda_437623_107.root 1 1 1 1 1 1
0000 panda_437623_108.root 1 1 1 1 1 1
0000 panda_437623_109.root 1 1 1 1 1 1
0000 panda_437623_110.root 1 1 1 1 1 1
0000 panda_437623_111.root 1 1 1 1 1 1
0000 panda_437623_112.root 1 1 1 1 1 1
0000 panda_437623_113.root 1 1 1 1 1 1
0000 panda_437623_114.root 1 1 1 1 1 1
0000 panda_437623_115.root 1 1 1 1 1 1
0000 panda_437623_116.root 1 1 1 1 1 1
0000 panda_437623_117.root 1 1 1 1 1 1
0000 panda_437623_118.root 1 1 1 1 1 1
0001 panda_437623_119.root 1 1 1 1 1 1
0001 panda_437623_12.root 1 1 1 1 1 1
0001 panda_437623_121.root 1 1 1 1 1 1
0001 panda_437623_122.root 1 1 1 1 1 1
0001 panda_437623_123.root 1 1 1 1 1 1
0001 panda_437623_125.root 1 1 1 1 1 1
0001 panda_437623_126.root 1 1 1 1 1 1
0001 panda_437623_127.root 1 1 1 1 1 1
0001 panda_437623_128.root 1 1 1 1 1 1
0001 panda_437623_129.root 1 1 1 1 1 1
0001 panda_437623_13.root 1 1 1 1 1 1
0001 panda_437623_131.root 1 1 1 1 1 1
0001 panda_437623_132.root 1 1 1 1 1 1
0001 panda_437623_133.root 1 1 1 1 1 1
0001 panda_437623_134.root 1 1 1 1 1 1
0001 panda_437623_136.root 1 1 1 1 1 1
0001 panda_437623_138.root 1 1 1 1 1 1
0001 panda_437623_139.root 1 1 1 1 1 1
0001 panda_437623_14.root 1 1 1 1 1 1
0001 panda_437623_142.root 1 1 1 1 1 1
0002 panda_437623_145.root 1 1 1 1 1 1
0002 panda_437623_146.root 1 1 1 1 1 1
0002 panda_437623_149.root 1 1 1 1 1 1
0002 panda_437623_15.root 1 1 1 1 1 1
0002 panda_437623_150.root 1 1 1 1 1 1
0002 panda_437623_152.root 1 1 1 1 1 1
0002 panda_437623_153.root 1 1 1 1 1 1
0002 panda_437623_154.root 1 1 1 1 1 1
0002 panda_437623_156.root 1 1 1 1 1 1
0002 panda_437623_157.root 1 1 1 1 1 1
0002 panda_437623_158.root 1 1 1 1 1 1
0002 panda_437623_159.root 1 1 1 1 1 1
0002 panda_437623_160.root 1 1 1 1 1 1
0002 panda_437623_161.root 1 1 1 1 1 1
0002 panda_437623_162.root 1 1 1 1 1 1
0002 panda_437623_163.root 1 1 1 1 1 1
0002 panda_437623_164.root 1 1 1 1 1 1
0002 panda_437623_165.root 1 1 1 1 1 1
0002 panda_437623_166.root 1 1 1 1 1 1
0002 panda_437623_167.root 1 1 1 1 1 1
0003 panda_437623_168.root 1 1 1 1 1 1
0003 panda_437623_169.root 1 1 1 1 1 1
0003 panda_437623_170.root 1 1 1 1 1 1
0003 panda_437623_171.root 1 1 1 1 1 1
0003 panda_437623_172.root 1 1 1 1 1 1
0003 panda_437623_173.root 1 1 1 1 1 1
0003 panda_437623_174.root 1 1 1 1 1 1
0003 panda_437623_175.root 1 1 1 1 1 1
0003 panda_437623_176.root 1 1 1 1 1 1
0003 panda_437623_177.root 1 1 1 1 1 1
0003 panda_437623_178.root 1 1 1 1 1 1
0003 panda_437623_179.root 1 1 1 1 1 1
0003 panda_437623_18.root 1 1 1 1 1 1
0003 panda_437623_180.root 1 1 1 1 1 1
0003 panda_437623_181.root 1 1 1 1 1 1
0003 panda_437623_182.root 1 1 1 1 1 1
0003 panda_437623_183.root 1 1 1 1 1 1
0003 panda_437623_184.root 1 1 1 1 1 1
0003 panda_437623_185.root 1 1 1 1 1 1
0003 panda_437623_186.root 1 1 1 1 1 1
0004 panda_437623_187.root 1 1 1 1 1 1
0004 panda_437623_188.root 1 1 1 1 1 1
0004 panda_437623_189.root 1 1 1 1 1 1
0004 panda_437623_190.root 1 1 1 1 1 1
0004 panda_437623_191.root 1 1 1 1 1 1
0004 panda_437623_192.root 1 1 1 1 1 1
0004 panda_437623_193.root 1 1 1 1 1 1
0004 panda_437623_194.root 1 1 1 1 1 1
0004 panda_437623_195.root 1 1 1 1 1 1
0004 panda_437623_196.root 1 1 1 1 1 1
0004 panda_437623_197.root 1 1 1 1 1 1
0004 panda_437623_198.root 1 1 1 1 1 1
0004 panda_437623_199.root 1 1 1 1 1 1
0004 panda_437623_2.root 1 1 1 1 1 1
0004 panda_437623_200.root 1 1 1 1 1 1
0004 panda_437623_202.root 1 1 1 1 1 1
0004 panda_437623_203.root 1 1 1 1 1 1
0004 panda_437623_204.root 1 1 1 1 1 1
0004 panda_437623_205.root 1 1 1 1 1 1
0004 panda_437623_206.root 1 1 1 1 1 1
0005 panda_437623_208.root 1 1 1 1 1 1
0005 panda_437623_209.root 1 1 1 1 1 1
0005 panda_437623_21.root 1 1 1 1 1 1
0005 panda_437623_211.root 1 1 1 1 1 1
0005 panda_437623_212.root 1 1 1 1 1 1
0005 panda_437623_213.root 1 1 1 1 1 1
0005 panda_437623_214.root 1 1 1 1 1 1
0005 panda_437623_215.root 1 1 1 1 1 1
0005 panda_437623_216.root 1 1 1 1 1 1
0005 panda_437623_217.root 1 1 1 1 1 1
0005 panda_437623_218.root 1 1 1 1 1 1
0005 panda_437623_219.root 1 1 1 1 1 1
0005 panda_437623_22.root 1 1 1 1 1 1
0005 panda_437623_221.root 1 1 1 1 1 1
0005 panda_437623_222.root 1 1 1 1 1 1
0005 panda_437623_223.root 1 1 1 1 1 1
0005 panda_437623_224.root 1 1 1 1 1 1
0005 panda_437623_225.root 1 1 1 1 1 1
0005 panda_437623_227.root 1 1 1 1 1 1
0005 panda_437623_228.root 1 1 1 1 1 1
0006 panda_437623_23.root 1 1 1 1 1 1
0006 panda_437623_234.root 1 1 1 1 1 1
0006 panda_437623_235.root 1 1 1 1 1 1
0006 panda_437623_236.root 1 1 1 1 1 1
0006 panda_437623_237.root 1 1 1 1 1 1
0006 panda_437623_24.root 1 1 1 1 1 1
0006 panda_437623_240.root 1 1 1 1 1 1
0006 panda_437623_243.root 1 1 1 1 1 1
0006 panda_437623_244.root 1 1 1 1 1 1
0006 panda_437623_245.root 1 1 1 1 1 1
0006 panda_437623_246.root 1 1 1 1 1 1
0006 panda_437623_247.root 1 1 1 1 1 1
0006 panda_437623_248.root 1 1 1 1 1 1
0006 panda_437623_249.root 1 1 1 1 1 1
0006 panda_437623_25.root 1 1 1 1 1 1
0006 panda_437623_250.root 1 1 1 1 1 1
0006 panda_437623_251.root 1 1 1 1 1 1
0006 panda_437623_252.root 1 1 1 1 1 1
0006 panda_437623_253.root 1 1 1 1 1 1
0006 panda_437623_254.root 1 1 1 1 1 1
0007 panda_437623_255.root 1 1 1 1 1 1
0007 panda_437623_256.root 1 1 1 1 1 1
0007 panda_437623_257.root 1 1 1 1 1 1
0007 panda_437623_258.root 1 1 1 1 1 1
0007 panda_437623_259.root 1 1 1 1 1 1
0007 panda_437623_260.root 1 1 1 1 1 1
0007 panda_437623_261.root 1 1 1 1 1 1
0007 panda_437623_262.root 1 1 1 1 1 1
0007 panda_437623_263.root 1 1 1 1 1 1
0007 panda_437623_264.root 1 1 1 1 1 1
0007 panda_437623_265.root 1 1 1 1 1 1
0007 panda_437623_266.root 1 1 1 1 1 1
0007 panda_437623_267.root 1 1 1 1 1 1
0007 panda_437623_268.root 1 1 1 1 1 1
0007 panda_437623_269.root 1 1 1 1 1 1
0007 panda_437623_27.root 1 1 1 1 1 1
0007 panda_437623_270.root 1 1 1 1 1 1
0007 panda_437623_271.root 1 1 1 1 1 1
0007 panda_437623_272.root 1 1 1 1 1 1
0007 panda_437623_273.root 1 1 1 1 1 1
0008 panda_437623_274.root 1 1 1 1 1 1
0008 panda_437623_275.root 1 1 1 1 1 1
0008 panda_437623_276.root 1 1 1 1 1 1
0008 panda_437623_277.root 1 1 1 1 1 1
0008 panda_437623_278.root 1 1 1 1 1 1
0008 panda_437623_279.root 1 1 1 1 1 1
0008 panda_437623_280.root 1 1 1 1 1 1
0008 panda_437623_281.root 1 1 1 1 1 1
0008 panda_437623_282.root 1 1 1 1 1 1
0008 panda_437623_283.root 1 1 1 1 1 1
0008 panda_437623_284.root 1 1 1 1 1 1
0008 panda_437623_285.root 1 1 1 1 1 1
0008 panda_437623_286.root 1 1 1 1 1 1
0008 panda_437623_287.root 1 1 1 1 1 1
0008 panda_437623_288.root 1 1 1 1 1 1
0008 panda_437623_289.root 1 1 1 1 1 1
0008 panda_437623_290.root 1 1 1 1 1 1
0008 panda_437623_291.root 1 1 1 1 1 1
0008 panda_437623_293.root 1 1 1 1 1 1
0008 panda_437623_296.root 1 1 1 1 1 1
0009 panda_437623_297.root 1 1 1 1 1 1
0009 panda_437623_298.root 1 1 1 1 1 1
0009 panda_437623_299.root 1 1 1 1 1 1
0009 panda_437623_3.root 1 1 1 1 1 1
0009 panda_437623_30.root 1 1 1 1 1 1
0009 panda_437623_302.root 1 1 1 1 1 1
0009 panda_437623_304.root 1 1 1 1 1 1
0009 panda_437623_306.root 1 1 1 1 1 1
0009 panda_437623_308.root 1 1 1 1 1 1
0009 panda_437623_31.root 1 1 1 1 1 1
0009 panda_437623_310.root 1 1 1 1 1 1
0009 panda_437623_311.root 1 1 1 1 1 1
0009 panda_437623_313.root 1 1 1 1 1 1
0009 panda_437623_314.root 1 1 1 1 1 1
0009 panda_437623_315.root 1 1 1 1 1 1
0009 panda_437623_316.root 1 1 1 1 1 1
0009 panda_437623_317.root 1 1 1 1 1 1
0009 panda_437623_318.root 1 1 1 1 1 1
0009 panda_437623_319.root 1 1 1 1 1 1
0009 panda_437623_32.root 1 1 1 1 1 1
0010 panda_437623_320.root 1 1 1 1 1 1
0010 panda_437623_321.root 1 1 1 1 1 1
0010 panda_437623_322.root 1 1 1 1 1 1
0010 panda_437623_323.root 1 1 1 1 1 1
0010 panda_437623_324.root 1 1 1 1 1 1
0010 panda_437623_325.root 1 1 1 1 1 1
0010 panda_437623_326.root 1 1 1 1 1 1
0010 panda_437623_327.root 1 1 1 1 1 1
0010 panda_437623_328.root 1 1 1 1 1 1
0010 panda_437623_329.root 1 1 1 1 1 1
0010 panda_437623_33.root 1 1 1 1 1 1
0010 panda_437623_330.root 1 1 1 1 1 1
0010 panda_437623_331.root 1 1 1 1 1 1
0010 panda_437623_332.root 1 1 1 1 1 1
0010 panda_437623_333.root 1 1 1 1 1 1
0010 panda_437623_334.root 1 1 1 1 1 1
0010 panda_437623_335.root 1 1 1 1 1 1
0010 panda_437623_336.root 1 1 1 1 1 1
0010 panda_437623_337.root 1 1 1 1 1 1
0010 panda_437623_338.root 1 1 1 1 1 1
0011 panda_437623_339.root 1 1 1 1 1 1
0011 panda_437623_34.root 1 1 1 1 1 1
0011 panda_437623_340.root 1 1 1 1 1 1
0011 panda_437623_341.root 1 1 1 1 1 1
0011 panda_437623_342.root 1 1 1 1 1 1
0011 panda_437623_343.root 1 1 1 1 1 1
0011 panda_437623_344.root 1 1 1 1 1 1
0011 panda_437623_345.root 1 1 1 1 1 1
0011 panda_437623_346.root 1 1 1 1 1 1
0011 panda_437623_347.root 1 1 1 1 1 1
0011 panda_437623_349.root 1 1 1 1 1 1
0011 panda_437623_35.root 1 1 1 1 1 1
0011 panda_437623_350.root 1 1 1 1 1 1
0011 panda_437623_351.root 1 1 1 1 1 1
0011 panda_437623_352.root 1 1 1 1 1 1
0011 panda_437623_353.root 1 1 1 1 1 1
0011 panda_437623_354.root 1 1 1 1 1 1
0011 panda_437623_355.root 1 1 1 1 1 1
0011 panda_437623_356.root 1 1 1 1 1 1
0011 panda_437623_357.root 1 1 1 1 1 1
0012 panda_437623_358.root 1 1 1 1 1 1
0012 panda_437623_359.root 1 1 1 1 1 1
0012 panda_437623_36.root 1 1 1 1 1 1
0012 panda_437623_360.root 1 1 1 1 1 1
0012 panda_437623_361.root 1 1 1 1 1 1
0012 panda_437623_363.root 1 1 1 1 1 1
0012 panda_437623_364.root 1 1 1 1 1 1
0012 panda_437623_365.root 1 1 1 1 1 1
0012 panda_437623_366.root 1 1 1 1 1 1
0012 panda_437623_367.root 1 1 1 1 1 1
0012 panda_437623_368.root 1 1 1 1 1 1
0012 panda_437623_369.root 1 1 1 1 1 1
0012 panda_437623_370.root 1 1 1 1 1 1
0012 panda_437623_372.root 1 1 1 1 1 1
0012 panda_437623_373.root 1 1 1 1 1 1
0012 panda_437623_374.root 1 1 1 1 1 1
0012 panda_437623_375.root 1 1 1 1 1 1
0012 panda_437623_377.root 1 1 1 1 1 1
0012 panda_437623_378.root 1 1 1 1 1 1
0012 panda_437623_379.root 1 1 1 1 1 1
0013 panda_437623_380.root 1 1 1 1 1 1
0013 panda_437623_381.root 1 1 1 1 1 1
0013 panda_437623_382.root 1 1 1 1 1 1
0013 panda_437623_383.root 1 1 1 1 1 1
0013 panda_437623_384.root 1 1 1 1 1 1
0013 panda_437623_385.root 1 1 1 1 1 1
0013 panda_437623_386.root 1 1 1 1 1 1
0013 panda_437623_388.root 1 1 1 1 1 1
0013 panda_437623_390.root 1 1 1 1 1 1
0013 panda_437623_391.root 1 1 1 1 1 1
0013 panda_437623_392.root 1 1 1 1 1 1
0013 panda_437623_393.root 1 1 1 1 1 1
0013 panda_437623_395.root 1 1 1 1 1 1
0013 panda_437623_397.root 1 1 1 1 1 1
0013 panda_437623_398.root 1 1 1 1 1 1
0013 panda_437623_399.root 1 1 1 1 1 1
0013 panda_437623_4.root 1 1 1 1 1 1
0013 panda_437623_402.root 1 1 1 1 1 1
0013 panda_437623_403.root 1 1 1 1 1 1
0013 panda_437623_404.root 1 1 1 1 1 1
0014 panda_437623_405.root 1 1 1 1 1 1
0014 panda_437623_406.root 1 1 1 1 1 1
0014 panda_437623_408.root 1 1 1 1 1 1
0014 panda_437623_409.root 1 1 1 1 1 1
0014 panda_437623_410.root 1 1 1 1 1 1
0014 panda_437623_411.root 1 1 1 1 1 1
0014 panda_437623_412.root 1 1 1 1 1 1
0014 panda_437623_413.root 1 1 1 1 1 1
0014 panda_437623_414.root 1 1 1 1 1 1
0014 panda_437623_415.root 1 1 1 1 1 1
0014 panda_437623_416.root 1 1 1 1 1 1
0014 panda_437623_417.root 1 1 1 1 1 1
0014 panda_437623_418.root 1 1 1 1 1 1
0014 panda_437623_419.root 1 1 1 1 1 1
0014 panda_437623_42.root 1 1 1 1 1 1
0014 panda_437623_420.root 1 1 1 1 1 1
0014 panda_437623_421.root 1 1 1 1 1 1
0014 panda_437623_422.root 1 1 1 1 1 1
0014 panda_437623_423.root 1 1 1 1 1 1
0014 panda_437623_424.root 1 1 1 1 1 1
0015 panda_437623_425.root 1 1 1 1 1 1
0015 panda_437623_426.root 1 1 1 1 1 1
0015 panda_437623_428.root 1 1 1 1 1 1
0015 panda_437623_429.root 1 1 1 1 1 1
0015 panda_437623_430.root 1 1 1 1 1 1
0015 panda_437623_431.root 1 1 1 1 1 1
0015 panda_437623_432.root 1 1 1 1 1 1
0015 panda_437623_433.root 1 1 1 1 1 1
0015 panda_437623_434.root 1 1 1 1 1 1
0015 panda_437623_435.root 1 1 1 1 1 1
0015 panda_437623_436.root 1 1 1 1 1 1
0015 panda_437623_437.root 1 1 1 1 1 1
0015 panda_437623_438.root 1 1 1 1 1 1
0015 panda_437623_439.root 1 1 1 1 1 1
0015 panda_437623_44.root 1 1 1 1 1 1
0015 panda_437623_440.root 1 1 1 1 1 1
0015 panda_437623_441.root 1 1 1 1 1 1
0015 panda_437623_442.root 1 1 1 1 1 1
0015 panda_437623_445.root 1 1 1 1 1 1
0015 panda_437623_446.root 1 1 1 1 1 1
0016 panda_437623_447.root 1 1 1 1 1 1
0016 panda_437623_449.root 1 1 1 1 1 1
0016 panda_437623_451.root 1 1 1 1 1 1
0016 panda_437623_453.root 1 1 1 1 1 1
0016 panda_437623_454.root 1 1 1 1 1 1
0016 panda_437623_456.root 1 1 1 1 1 1
0016 panda_437623_459.root 1 1 1 1 1 1
0016 panda_437623_46.root 1 1 1 1 1 1
0016 panda_437623_460.root 1 1 1 1 1 1
0016 panda_437623_461.root 1 1 1 1 1 1
0016 panda_437623_462.root 1 1 1 1 1 1
0016 panda_437623_463.root 1 1 1 1 1 1
0016 panda_437623_464.root 1 1 1 1 1 1
0016 panda_437623_465.root 1 1 1 1 1 1
0016 panda_437623_467.root 1 1 1 1 1 1
0016 panda_437623_469.root 1 1 1 1 1 1
0016 panda_437623_47.root 1 1 1 1 1 1
0016 panda_437623_470.root 1 1 1 1 1 1
0016 panda_437623_471.root 1 1 1 1 1 1
0016 panda_437623_473.root 1 1 1 1 1 1
0017 panda_437623_474.root 1 1 1 1 1 1
0017 panda_437623_475.root 1 1 1 1 1 1
0017 panda_437623_476.root 1 1 1 1 1 1
0017 panda_437623_477.root 1 1 1 1 1 1
0017 panda_437623_479.root 1 1 1 1 1 1
0017 panda_437623_480.root 1 1 1 1 1 1
0017 panda_437623_482.root 1 1 1 1 1 1
0017 panda_437623_483.root 1 1 1 1 1 1
0017 panda_437623_484.root 1 1 1 1 1 1
0017 panda_437623_485.root 1 1 1 1 1 1
0017 panda_437623_486.root 1 1 1 1 1 1
0017 panda_437623_487.root 1 1 1 1 1 1
0017 panda_437623_488.root 1 1 1 1 1 1
0017 panda_437623_489.root 1 1 1 1 1 1
0017 panda_437623_490.root 1 1 1 1 1 1
0017 panda_437623_492.root 1 1 1 1 1 1
0017 panda_437623_493.root 1 1 1 1 1 1
0017 panda_437623_494.root 1 1 1 1 1 1
0017 panda_437623_495.root 1 1 1 1 1 1
0017 panda_437623_496.root 1 1 1 1 1 1
0018 panda_437623_497.root 1 1 1 1 1 1
0018 panda_437623_498.root 1 1 1 1 1 1
0018 panda_437623_499.root 1 1 1 1 1 1
0018 panda_437623_5.root 1 1 1 1 1 1
0018 panda_437623_50.root 1 1 1 1 1 1
0018 panda_437623_500.root 1 1 1 1 1 1
0018 panda_437623_501.root 1 1 1 1 1 1
0018 panda_437623_502.root 1 1 1 1 1 1
0018 panda_437623_503.root 1 1 1 1 1 1
0018 panda_437623_506.root 1 1 1 1 1 1
0018 panda_437623_508.root 1 1 1 1 1 1
0018 panda_437623_51.root 1 1 1 1 1 1
0018 panda_437623_510.root 1 1 1 1 1 1
0018 panda_437623_511.root 1 1 1 1 1 1
0018 panda_437623_512.root 1 1 1 1 1 1
0018 panda_437623_513.root 1 1 1 1 1 1
0018 panda_437623_514.root 1 1 1 1 1 1
0018 panda_437623_517.root 1 1 1 1 1 1
0018 panda_437623_518.root 1 1 1 1 1 1
0018 panda_437623_519.root 1 1 1 1 1 1
0019 panda_437623_52.root 1 1 1 1 1 1
0019 panda_437623_521.root 1 1 1 1 1 1
0019 panda_437623_522.root 1 1 1 1 1 1
0019 panda_437623_523.root 1 1 1 1 1 1
0019 panda_437623_524.root 1 1 1 1 1 1
0019 panda_437623_525.root 1 1 1 1 1 1
0019 panda_437623_526.root 1 1 1 1 1 1
0019 panda_437623_527.root 1 1 1 1 1 1
0019 panda_437623_529.root 1 1 1 1 1 1
0019 panda_437623_53.root 1 1 1 1 1 1
0019 panda_437623_530.root 1 1 1 1 1 1
0019 panda_437623_531.root 1 1 1 1 1 1
0019 panda_437623_533.root 1 1 1 1 1 1
0019 panda_437623_534.root 1 1 1 1 1 1
0019 panda_437623_535.root 1 1 1 1 1 1
0019 panda_437623_536.root 1 1 1 1 1 1
0019 panda_437623_538.root 1 1 1 1 1 1
0019 panda_437623_539.root 1 1 1 1 1 1
0019 panda_437623_54.root 1 1 1 1 1 1
0019 panda_437623_540.root 1 1 1 1 1 1
0020 panda_437623_541.root 1 1 1 1 1 1
0020 panda_437623_542.root 1 1 1 1 1 1
0020 panda_437623_544.root 1 1 1 1 1 1
0020 panda_437623_545.root 1 1 1 1 1 1
0020 panda_437623_546.root 1 1 1 1 1 1
0020 panda_437623_547.root 1 1 1 1 1 1
0020 panda_437623_548.root 1 1 1 1 1 1
0020 panda_437623_549.root 1 1 1 1 1 1
0020 panda_437623_55.root 1 1 1 1 1 1
0020 panda_437623_550.root 1 1 1 1 1 1
0020 panda_437623_551.root 1 1 1 1 1 1
0020 panda_437623_552.root 1 1 1 1 1 1
0020 panda_437623_554.root 1 1 1 1 1 1
0020 panda_437623_555.root 1 1 1 1 1 1
0020 panda_437623_556.root 1 1 1 1 1 1
0020 panda_437623_557.root 1 1 1 1 1 1
0020 panda_437623_558.root 1 1 1 1 1 1
0020 panda_437623_559.root 1 1 1 1 1 1
0020 panda_437623_56.root 1 1 1 1 1 1
0020 panda_437623_560.root 1 1 1 1 1 1
0021 panda_437623_563.root 1 1 1 1 1 1
0021 panda_437623_564.root 1 1 1 1 1 1
0021 panda_437623_565.root 1 1 1 1 1 1
0021 panda_437623_566.root 1 1 1 1 1 1
0021 panda_437623_569.root 1 1 1 1 1 1
0021 panda_437623_57.root 1 1 1 1 1 1
0021 panda_437623_570.root 1 1 1 1 1 1
0021 panda_437623_572.root 1 1 1 1 1 1
0021 panda_437623_574.root 1 1 1 1 1 1
0021 panda_437623_575.root 1 1 1 1 1 1
0021 panda_437623_577.root 1 1 1 1 1 1
0021 panda_437623_578.root 1 1 1 1 1 1
0021 panda_437623_579.root 1 1 1 1 1 1
0021 panda_437623_58.root 1 1 1 1 1 1
0021 panda_437623_580.root 1 1 1 1 1 1
0021 panda_437623_581.root 1 1 1 1 1 1
0021 panda_437623_582.root 1 1 1 1 1 1
0021 panda_437623_583.root 1 1 1 1 1 1
0021 panda_437623_584.root 1 1 1 1 1 1
0021 panda_437623_585.root 1 1 1 1 1 1
0022 panda_437623_586.root 1 1 1 1 1 1
0022 panda_437623_587.root 1 1 1 1 1 1
0022 panda_437623_589.root 1 1 1 1 1 1
0022 panda_437623_59.root 1 1 1 1 1 1
0022 panda_437623_590.root 1 1 1 1 1 1
0022 panda_437623_591.root 1 1 1 1 1 1
0022 panda_437623_592.root 1 1 1 1 1 1
0022 panda_437623_594.root 1 1 1 1 1 1
0022 panda_437623_595.root 1 1 1 1 1 1
0022 panda_437623_596.root 1 1 1 1 1 1
0022 panda_437623_597.root 1 1 1 1 1 1
0022 panda_437623_598.root 1 1 1 1 1 1
0022 panda_437623_599.root 1 1 1 1 1 1
0022 panda_437623_6.root 1 1 1 1 1 1
0022 panda_437623_60.root 1 1 1 1 1 1
0022 panda_437623_600.root 1 1 1 1 1 1
0022 panda_437623_601.root 1 1 1 1 1 1
0022 panda_437623_602.root 1 1 1 1 1 1
0022 panda_437623_603.root 1 1 1 1 1 1
0022 panda_437623_605.root 1 1 1 1 1 1
0023 panda_437623_606.root 1 1 1 1 1 1
0023 panda_437623_607.root 1 1 1 1 1 1
0023 panda_437623_608.root 1 1 1 1 1 1
0023 panda_437623_609.root 1 1 1 1 1 1
0023 panda_437623_610.root 1 1 1 1 1 1
0023 panda_437623_611.root 1 1 1 1 1 1
0023 panda_437623_612.root 1 1 1 1 1 1
0023 panda_437623_613.root 1 1 1 1 1 1
0023 panda_437623_614.root 1 1 1 1 1 1
0023 panda_437623_615.root 1 1 1 1 1 1
0023 panda_437623_616.root 1 1 1 1 1 1
0023 panda_437623_617.root 1 1 1 1 1 1
0023 panda_437623_619.root 1 1 1 1 1 1
0023 panda_437623_622.root 1 1 1 1 1 1
0023 panda_437623_623.root 1 1 1 1 1 1
0023 panda_437623_624.root 1 1 1 1 1 1
0023 panda_437623_625.root 1 1 1 1 1 1
0023 panda_437623_626.root 1 1 1 1 1 1
0023 panda_437623_627.root 1 1 1 1 1 1
0023 panda_437623_629.root 1 1 1 1 1 1
0024 panda_437623_630.root 1 1 1 1 1 1
0024 panda_437623_631.root 1 1 1 1 1 1
0024 panda_437623_632.root 1 1 1 1 1 1
0024 panda_437623_633.root 1 1 1 1 1 1
0024 panda_437623_634.root 1 1 1 1 1 1
0024 panda_437623_635.root 1 1 1 1 1 1
0024 panda_437623_636.root 1 1 1 1 1 1
0024 panda_437623_637.root 1 1 1 1 1 1
0024 panda_437623_638.root 1 1 1 1 1 1
0024 panda_437623_639.root 1 1 1 1 1 1
0024 panda_437623_640.root 1 1 1 1 1 1
0024 panda_437623_641.root 1 1 1 1 1 1
0024 panda_437623_642.root 1 1 1 1 1 1
0024 panda_437623_643.root 1 1 1 1 1 1
0024 panda_437623_645.root 1 1 1 1 1 1
0024 panda_437623_647.root 1 1 1 1 1 1
0024 panda_437623_648.root 1 1 1 1 1 1
0024 panda_437623_649.root 1 1 1 1 1 1
0024 panda_437623_65.root 1 1 1 1 1 1
0024 panda_437623_650.root 1 1 1 1 1 1
0025 panda_437623_651.root 1 1 1 1 1 1
0025 panda_437623_652.root 1 1 1 1 1 1
0025 panda_437623_655.root 1 1 1 1 1 1
0025 panda_437623_656.root 1 1 1 1 1 1
0025 panda_437623_657.root 1 1 1 1 1 1
0025 panda_437623_658.root 1 1 1 1 1 1
0025 panda_437623_659.root 1 1 1 1 1 1
0025 panda_437623_66.root 1 1 1 1 1 1
0025 panda_437623_660.root 1 1 1 1 1 1
0025 panda_437623_661.root 1 1 1 1 1 1
0025 panda_437623_662.root 1 1 1 1 1 1
0025 panda_437623_663.root 1 1 1 1 1 1
0025 panda_437623_664.root 1 1 1 1 1 1
0025 panda_437623_665.root 1 1 1 1 1 1
0025 panda_437623_666.root 1 1 1 1 1 1
0025 panda_437623_667.root 1 1 1 1 1 1
0025 panda_437623_669.root 1 1 1 1 1 1
0025 panda_437623_67.root 1 1 1 1 1 1
0025 panda_437623_670.root 1 1 1 1 1 1
0025 panda_437623_671.root 1 1 1 1 1 1
0026 panda_437623_672.root 1 1 1 1 1 1
0026 panda_437623_673.root 1 1 1 1 1 1
0026 panda_437623_674.root 1 1 1 1 1 1
0026 panda_437623_675.root 1 1 1 1 1 1
0026 panda_437623_676.root 1 1 1 1 1 1
0026 panda_437623_677.root 1 1 1 1 1 1
0026 panda_437623_678.root 1 1 1 1 1 1
0026 panda_437623_679.root 1 1 1 1 1 1
0026 panda_437623_68.root 1 1 1 1 1 1
0026 panda_437623_680.root 1 1 1 1 1 1
0026 panda_437623_681.root 1 1 1 1 1 1
0026 panda_437623_682.root 1 1 1 1 1 1
0026 panda_437623_683.root 1 1 1 1 1 1
0026 panda_437623_684.root 1 1 1 1 1 1
0026 panda_437623_685.root 1 1 1 1 1 1
0026 panda_437623_686.root 1 1 1 1 1 1
0026 panda_437623_687.root 1 1 1 1 1 1
0026 panda_437623_688.root 1 1 1 1 1 1
0026 panda_437623_689.root 1 1 1 1 1 1
0026 panda_437623_690.root 1 1 1 1 1 1
0027 panda_437623_691.root 1 1 1 1 1 1
0027 panda_437623_692.root 1 1 1 1 1 1
0027 panda_437623_693.root 1 1 1 1 1 1
0027 panda_437623_694.root 1 1 1 1 1 1
0027 panda_437623_695.root 1 1 1 1 1 1
0027 panda_437623_696.root 1 1 1 1 1 1
0027 panda_437623_697.root 1 1 1 1 1 1
0027 panda_437623_698.root 1 1 1 1 1 1
0027 panda_437623_699.root 1 1 1 1 1 1
0027 panda_437623_7.root 1 1 1 1 1 1
0027 panda_437623_70.root 1 1 1 1 1 1
0027 panda_437623_700.root 1 1 1 1 1 1
0027 panda_437623_701.root 1 1 1 1 1 1
0027 panda_437623_702.root 1 1 1 1 1 1
0027 panda_437623_703.root 1 1 1 1 1 1
0027 panda_437623_704.root 1 1 1 1 1 1
0027 panda_437623_705.root 1 1 1 1 1 1
0027 panda_437623_706.root 1 1 1 1 1 1
0027 panda_437623_707.root 1 1 1 1 1 1
0027 panda_437623_708.root 1 1 1 1 1 1
0028 panda_437623_709.root 1 1 1 1 1 1
0028 panda_437623_71.root 1 1 1 1 1 1
0028 panda_437623_710.root 1 1 1 1 1 1
0028 panda_437623_711.root 1 1 1 1 1 1
0028 panda_437623_712.root 1 1 1 1 1 1
0028 panda_437623_713.root 1 1 1 1 1 1
0028 panda_437623_714.root 1 1 1 1 1 1
0028 panda_437623_715.root 1 1 1 1 1 1
0028 panda_437623_716.root 1 1 1 1 1 1
0028 panda_437623_718.root 1 1 1 1 1 1
0028 panda_437623_719.root 1 1 1 1 1 1
0028 panda_437623_720.root 1 1 1 1 1 1
0028 panda_437623_721.root 1 1 1 1 1 1
0028 panda_437623_722.root 1 1 1 1 1 1
0028 panda_437623_725.root 1 1 1 1 1 1
0028 panda_437623_726.root 1 1 1 1 1 1
0028 panda_437623_727.root 1 1 1 1 1 1
0028 panda_437623_729.root 1 1 1 1 1 1
0028 panda_437623_73.root 1 1 1 1 1 1
0028 panda_437623_730.root 1 1 1 1 1 1
0029 panda_437623_731.root 1 1 1 1 1 1
0029 panda_437623_732.root 1 1 1 1 1 1
0029 panda_437623_733.root 1 1 1 1 1 1
0029 panda_437623_734.root 1 1 1 1 1 1
0029 panda_437623_735.root 1 1 1 1 1 1
0029 panda_437623_738.root 1 1 1 1 1 1
0029 panda_437623_74.root 1 1 1 1 1 1
0029 panda_437623_743.root 1 1 1 1 1 1
0029 panda_437623_748.root 1 1 1 1 1 1
0029 panda_437623_749.root 1 1 1 1 1 1
0029 panda_437623_75.root 1 1 1 1 1 1
0029 panda_437623_751.root 1 1 1 1 1 1
0029 panda_437623_752.root 1 1 1 1 1 1
0029 panda_437623_754.root 1 1 1 1 1 1
0029 panda_437623_755.root 1 1 1 1 1 1
0029 panda_437623_756.root 1 1 1 1 1 1
0029 panda_437623_759.root 1 1 1 1 1 1
0029 panda_437623_760.root 1 1 1 1 1 1
0029 panda_437623_761.root 1 1 1 1 1 1
0029 panda_437623_762.root 1 1 1 1 1 1
0030 panda_437623_763.root 1 1 1 1 1 1
0030 panda_437623_764.root 1 1 1 1 1 1
0030 panda_437623_765.root 1 1 1 1 1 1
0030 panda_437623_766.root 1 1 1 1 1 1
0030 panda_437623_767.root 1 1 1 1 1 1
0030 panda_437623_768.root 1 1 1 1 1 1
0030 panda_437623_769.root 1 1 1 1 1 1
0030 panda_437623_77.root 1 1 1 1 1 1
0030 panda_437623_770.root 1 1 1 1 1 1
0030 panda_437623_771.root 1 1 1 1 1 1
0030 panda_437623_772.root 1 1 1 1 1 1
0030 panda_437623_776.root 1 1 1 1 1 1
0030 panda_437623_779.root 1 1 1 1 1 1
0030 panda_437623_783.root 1 1 1 1 1 1
0030 panda_437623_799.root 1 1 1 1 1 1
0030 panda_437623_800.root 1 1 1 1 1 1
0030 panda_437623_809.root 1 1 1 1 1 1
0030 panda_437623_81.root 1 1 1 1 1 1
0030 panda_437623_812.root 1 1 1 1 1 1
0030 panda_437623_813.root 1 1 1 1 1 1
0031 panda_437623_814.root 1 1 1 1 1 1
0031 panda_437623_815.root 1 1 1 1 1 1
0031 panda_437623_832.root 1 1 1 1 1 1
0031 panda_437623_836.root 1 1 1 1 1 1
0031 panda_437623_837.root 1 1 1 1 1 1
0031 panda_437623_838.root 1 1 1 1 1 1
0031 panda_437623_839.root 1 1 1 1 1 1
0031 panda_437623_84.root 1 1 1 1 1 1
0031 panda_437623_840.root 1 1 1 1 1 1
0031 panda_437623_841.root 1 1 1 1 1 1
0031 panda_437623_842.root 1 1 1 1 1 1
0031 panda_437623_843.root 1 1 1 1 1 1
0031 panda_437623_844.root 1 1 1 1 1 1
0031 panda_437623_846.root 1 1 1 1 1 1
0031 panda_437623_847.root 1 1 1 1 1 1
0031 panda_437623_848.root 1 1 1 1 1 1
0031 panda_437623_849.root 1 1 1 1 1 1
0031 panda_437623_85.root 1 1 1 1 1 1
0031 panda_437623_850.root 1 1 1 1 1 1
0031 panda_437623_86.root 1 1 1 1 1 1
0032 panda_437623_864.root 1 1 1 1 1 1
0032 panda_437623_878.root 1 1 1 1 1 1
0032 panda_437623_879.root 1 1 1 1 1 1
0032 panda_437623_883.root 1 1 1 1 1 1
0032 panda_437623_886.root 1 1 1 1 1 1
0032 panda_437623_89.root 1 1 1 1 1 1
0032 panda_437623_9.root 1 1 1 1 1 1
0032 panda_437623_90.root 1 1 1 1 1 1
0032 panda_437623_901.root 1 1 1 1 1 1
0032 panda_437623_902.root 1 1 1 1 1 1
0032 panda_437623_903.root 1 1 1 1 1 1
0032 panda_437623_904.root 1 1 1 1 1 1
0032 panda_437623_905.root 1 1 1 1 1 1
0032 panda_437623_907.root 1 1 1 1 1 1
0032 panda_437623_908.root 1 1 1 1 1 1
0032 panda_437623_909.root 1 1 1 1 1 1
0032 panda_437623_91.root 1 1 1 1 1 1
0032 panda_437623_910.root 1 1 1 1 1 1
0032 panda_437623_911.root 1 1 1 1 1 1
0032 panda_437623_912.root 1 1 1 1 1 1
0033 panda_437623_913.root 1 1 1 1 1 1
0033 panda_437623_914.root 1 1 1 1 1 1
0033 panda_437623_915.root 1 1 1 1 1 1
0033 panda_437623_916.root 1 1 1 1 1 1
0033 panda_437623_917.root 1 1 1 1 1 1
0033 panda_437623_918.root 1 1 1 1 1 1
0033 panda_437623_919.root 1 1 1 1 1 1
0033 panda_437623_92.root 1 1 1 1 1 1
0033 panda_437623_920.root 1 1 1 1 1 1
0033 panda_437623_922.root 1 1 1 1 1 1
0033 panda_437623_923.root 1 1 1 1 1 1
0033 panda_437623_924.root 1 1 1 1 1 1
0033 panda_437623_925.root 1 1 1 1 1 1
0033 panda_437623_926.root 1 1 1 1 1 1
0033 panda_437623_927.root 1 1 1 1 1 1
0033 panda_437623_928.root 1 1 1 1 1 1
0033 panda_437623_929.root 1 1 1 1 1 1
0033 panda_437623_933.root 1 1 1 1 1 1
0033 panda_437623_934.root 1 1 1 1 1 1
0033 panda_437623_936.root 1 1 1 1 1 1
0034 panda_437623_937.root 1 1 1 1 1 1
0034 panda_437623_938.root 1 1 1 1 1 1
0034 panda_437623_939.root 1 1 1 1 1 1
0034 panda_437623_94.root 1 1 1 1 1 1
0034 panda_437623_940.root 1 1 1 1 1 1
0034 panda_437623_941.root 1 1 1 1 1 1
0034 panda_437623_942.root 1 1 1 1 1 1
0034 panda_437623_943.root 1 1 1 1 1 1
0034 panda_437623_944.root 1 1 1 1 1 1
0034 panda_437623_945.root 1 1 1 1 1 1
0034 panda_437623_946.root 1 1 1 1 1 1
0034 panda_437623_947.root 1 1 1 1 1 1
0034 panda_437623_948.root 1 1 1 1 1 1
0034 panda_437623_949.root 1 1 1 1 1 1
0034 panda_437623_95.root 1 1 1 1 1 1
0034 panda_437623_950.root 1 1 1 1 1 1
0034 panda_437623_951.root 1 1 1 1 1 1
0034 panda_437623_952.root 1 1 1 1 1 1
0034 panda_437623_953.root 1 1 1 1 1 1
0034 panda_437623_954.root 1 1 1 1 1 1
0035 panda_437623_955.root 1 1 1 1 1 1
0035 panda_437623_96.root 1 1 1 1 1 1
0035 panda_437623_964.root 1 1 1 1 1 1
0035 panda_437623_967.root 1 1 1 1 1 1
0035 panda_437623_968.root 1 1 1 1 1 1
0035 panda_437623_969.root 1 1 1 1 1 1
0035 panda_437623_97.root 1 1 1 1 1 1
0035 panda_437623_971.root 1 1 1 1 1 1
0035 panda_437623_973.root 1 1 1 1 1 1
0035 panda_437623_974.root 1 1 1 1 1 1
0035 panda_437623_975.root 1 1 1 1 1 1
0035 panda_437623_977.root 1 1 1 1 1 1
0035 panda_437623_98.root 1 1 1 1 1 1
0035 panda_437623_986.root 1 1 1 1 1 1
0035 panda_437623_989.root 1 1 1 1 1 1
0035 panda_437623_99.root 1 1 1 1 1 1
